ed,Kathy C. Hochul,Jumaane Williams,total,share
65001,64,62,126,0.49206349206349204
65002,68,79,147,0.5374149659863946
65003,59,83,142,0.5845070422535211
65004,49,64,113,0.5663716814159292
65005,57,43,100,0.43
65006,87,78,165,0.4727272727272727
65007,98,80,178,0.449438202247191
65008,122,91,213,0.4272300469483568
65009,31,52,83,0.6265060240963856
65010,39,71,110,0.6454545454545455
65011,59,72,131,0.549618320610687
65012,46,49,95,0.5157894736842106
65013,70,70,140,0.5
65014,82,85,167,0.5089820359281437
65015,69,87,156,0.5576923076923077
65016,115,96,211,0.4549763033175355
65017,1,1,2,0.5
65018,47,42,89,0.47191011235955055
65019,52,52,104,0.5
65020,81,35,116,0.3017241379310345
65021,67,68,135,0.5037037037037037
65022,89,89,178,0.5
65023,60,36,96,0.375
65024,66,66,132,0.5
65025,31,25,56,0.44642857142857145
65026,29,25,54,0.46296296296296297
65027,93,54,147,0.3673469387755102
65028,30,53,83,0.6385542168674698
65029,34,52,86,0.6046511627906976
65030,103,70,173,0.4046242774566474
65031,173,45,218,0.20642201834862386
65032,41,76,117,0.6495726495726496
65033,72,64,136,0.47058823529411764
65034,73,45,118,0.3813559322033898
65035,78,46,124,0.3709677419354839
65036,63,56,119,0.47058823529411764
65037,76,60,136,0.4411764705882353
65038,75,66,141,0.46808510638297873
65039,101,74,175,0.4228571428571429
65040,69,52,121,0.4297520661157025
65041,50,103,153,0.673202614379085
65042,90,49,139,0.35251798561151076
65043,79,69,148,0.46621621621621623
65044,124,140,264,0.5303030303030303
65045,126,138,264,0.5227272727272727
65046,112,111,223,0.4977578475336323
65047,99,95,194,0.4896907216494845
65048,105,151,256,0.58984375
65049,132,111,243,0.4567901234567901
65050,120,106,226,0.4690265486725664
65051,108,126,234,0.5384615384615384
65052,100,112,212,0.5283018867924528
65053,88,124,212,0.5849056603773585
65054,90,90,180,0.5
65055,114,90,204,0.4411764705882353
65056,88,84,172,0.4883720930232558
65057,80,46,126,0.36507936507936506
65058,39,107,146,0.7328767123287672
65059,45,133,178,0.7471910112359551
65060,38,84,122,0.6885245901639344
65061,46,74,120,0.6166666666666667
65062,42,89,131,0.6793893129770993
65063,54,78,132,0.5909090909090909
65064,56,78,134,0.582089552238806
65065,23,36,59,0.6101694915254238
65066,32,57,89,0.6404494382022472
65067,14,31,45,0.6888888888888889
65068,73,121,194,0.6237113402061856
65069,36,75,111,0.6756756756756757
65070,11,23,34,0.6764705882352942
65071,51,97,148,0.6554054054054054
65072,53,77,130,0.5923076923076923
65073,52,70,122,0.5737704918032787
65074,89,99,188,0.526595744680851
65075,42,107,149,0.7181208053691275
65076,59,120,179,0.6703910614525139
65077,70,166,236,0.7033898305084746
65078,47,91,138,0.6594202898550725
65079,66,170,236,0.7203389830508474
65080,53,121,174,0.6954022988505747
65081,43,125,168,0.7440476190476191
65083,81,62,143,0.43356643356643354
65085,57,74,131,0.5648854961832062
65086,48,64,112,0.5714285714285714
65087,41,67,108,0.6203703703703703
65088,73,110,183,0.6010928961748634
65089,32,38,70,0.5428571428571428
65090,52,63,115,0.5478260869565217
65091,39,65,104,0.625
65092,34,50,84,0.5952380952380952
65093,46,61,107,0.5700934579439252
65098,0,0,0,0
65099,27,49,76,0.6447368421052632
66001,79,69,148,0.46621621621621623
66002,68,78,146,0.5342465753424658
66003,79,88,167,0.5269461077844312
66004,59,77,136,0.5661764705882353
66005,52,68,120,0.5666666666666667
66006,62,86,148,0.581081081081081
66007,66,112,178,0.6292134831460674
66008,112,188,300,0.6266666666666667
66009,88,180,268,0.6716417910447762
66010,62,147,209,0.7033492822966507
66011,131,136,267,0.5093632958801498
66012,99,102,201,0.5074626865671642
66013,62,128,190,0.6736842105263158
66014,40,70,110,0.6363636363636364
66015,45,93,138,0.6739130434782609
66016,1,6,7,0.8571428571428571
66018,86,160,246,0.6504065040650406
66019,72,161,233,0.6909871244635193
66020,43,117,160,0.73125
66021,82,153,235,0.6510638297872341
66022,97,140,237,0.5907172995780591
66023,107,230,337,0.6824925816023739
66024,62,92,154,0.5974025974025974
66025,36,83,119,0.6974789915966386
66026,58,108,166,0.6506024096385542
66027,36,116,152,0.7631578947368421
66028,99,146,245,0.5959183673469388
66029,48,98,146,0.6712328767123288
66030,87,148,235,0.6297872340425532
66031,47,99,146,0.678082191780822
66032,97,155,252,0.6150793650793651
66033,52,103,155,0.6645161290322581
66034,83,187,270,0.6925925925925925
66035,70,161,231,0.696969696969697
66036,50,112,162,0.691358024691358
66037,67,128,195,0.6564102564102564
66038,70,95,165,0.5757575757575758
66039,76,99,175,0.5657142857142857
66041,43,90,133,0.6766917293233082
66042,16,33,49,0.673469387755102
66043,44,87,131,0.6641221374045801
66044,56,113,169,0.6686390532544378
66045,77,173,250,0.692
66046,59,133,192,0.6927083333333334
66047,64,165,229,0.7205240174672489
66048,87,95,182,0.521978021978022
66049,81,145,226,0.6415929203539823
66050,74,120,194,0.6185567010309279
66051,87,125,212,0.589622641509434
66052,110,173,283,0.6113074204946997
66053,148,146,294,0.4965986394557823
66054,87,149,236,0.6313559322033898
66055,89,119,208,0.5721153846153846
66056,60,108,168,0.6428571428571429
66057,109,109,218,0.5
66058,42,56,98,0.5714285714285714
66059,118,164,282,0.5815602836879432
66060,92,166,258,0.6434108527131783
66061,105,166,271,0.6125461254612546
66062,64,143,207,0.6908212560386473
66063,85,142,227,0.6255506607929515
66064,73,125,198,0.6313131313131313
66065,35,88,123,0.7154471544715447
66066,73,119,192,0.6197916666666666
66067,68,95,163,0.5828220858895705
66068,99,138,237,0.5822784810126582
66069,94,133,227,0.5859030837004405
66070,15,24,39,0.6153846153846154
66071,78,150,228,0.6578947368421053
66072,97,136,233,0.5836909871244635
66073,88,131,219,0.5981735159817352
66074,81,128,209,0.6124401913875598
66075,103,131,234,0.5598290598290598
66076,101,185,286,0.6468531468531469
66077,106,158,264,0.5984848484848485
66078,138,209,347,0.6023054755043228
66079,122,208,330,0.6303030303030303
66080,171,177,348,0.5086206896551724
66081,86,186,272,0.6838235294117647
66082,80,104,184,0.5652173913043478
66083,111,172,283,0.607773851590106
66084,135,201,336,0.5982142857142857
66085,78,187,265,0.7056603773584905
66086,101,148,249,0.5943775100401606
66087,142,201,343,0.5860058309037901
66088,81,107,188,0.5691489361702128
66089,114,139,253,0.549407114624506
66090,52,80,132,0.6060606060606061
66091,57,48,105,0.45714285714285713
66093,0,0,0,0
66094,0,0,0,0
66096,64,96,160,0.6
66097,61,105,166,0.6325301204819277
66098,68,110,178,0.6179775280898876
66099,89,112,201,0.5572139303482587
66100,13,35,48,0.7291666666666666
66101,66,70,136,0.5147058823529411
66102,84,127,211,0.6018957345971564
66103,29,95,124,0.7661290322580645
66104,14,43,57,0.7543859649122807
66105,53,100,153,0.6535947712418301
66106,31,69,100,0.69
67001,66,99,165,0.6
67002,146,197,343,0.5743440233236151
67003,95,99,194,0.5103092783505154
67004,91,111,202,0.5495049504950495
67005,112,105,217,0.4838709677419355
67006,79,114,193,0.5906735751295337
67007,64,46,110,0.41818181818181815
67008,106,162,268,0.6044776119402985
67009,60,74,134,0.5522388059701493
67010,115,139,254,0.547244094488189
67011,31,49,80,0.6125
67012,30,30,60,0.5
67013,75,104,179,0.5810055865921788
67014,85,138,223,0.6188340807174888
67015,101,122,223,0.547085201793722
67016,80,80,160,0.5
67017,103,74,177,0.4180790960451977
67018,126,135,261,0.5172413793103449
67019,109,94,203,0.4630541871921182
67020,75,93,168,0.5535714285714286
67021,25,28,53,0.5283018867924528
67022,43,35,78,0.44871794871794873
67023,105,120,225,0.5333333333333333
67024,88,94,182,0.5164835164835165
67025,57,66,123,0.5365853658536586
67026,81,73,154,0.474025974025974
67027,122,118,240,0.49166666666666664
67028,98,116,214,0.5420560747663551
67029,94,88,182,0.4835164835164835
67030,28,26,54,0.48148148148148145
67031,185,159,344,0.4622093023255814
67032,138,128,266,0.48120300751879697
67033,83,87,170,0.5117647058823529
67034,58,57,115,0.4956521739130435
67035,108,103,211,0.4881516587677725
67036,44,90,134,0.6716417910447762
67037,107,128,235,0.5446808510638298
67038,77,76,153,0.49673202614379086
67039,87,80,167,0.47904191616766467
67040,72,105,177,0.5932203389830508
67041,142,144,286,0.5034965034965035
67042,280,194,474,0.4092827004219409
67043,268,222,490,0.4530612244897959
67044,118,121,239,0.5062761506276151
67045,36,49,85,0.5764705882352941
67046,214,179,393,0.455470737913486
67047,91,61,152,0.40131578947368424
67048,57,79,136,0.5808823529411765
67049,104,132,236,0.559322033898305
67050,154,168,322,0.5217391304347826
67051,35,59,94,0.6276595744680851
67052,136,148,284,0.5211267605633803
67053,117,130,247,0.5263157894736842
67054,91,89,180,0.49444444444444446
67055,96,76,172,0.4418604651162791
67056,89,136,225,0.6044444444444445
67057,124,127,251,0.5059760956175299
67058,85,93,178,0.5224719101123596
67059,152,144,296,0.4864864864864865
67060,127,123,250,0.492
67061,132,123,255,0.4823529411764706
67062,90,105,195,0.5384615384615384
67063,69,104,173,0.6011560693641619
67064,100,137,237,0.5780590717299579
67065,124,130,254,0.5118110236220472
67066,92,118,210,0.5619047619047619
67067,118,220,338,0.650887573964497
67068,119,159,278,0.5719424460431655
67069,149,180,329,0.547112462006079
67070,77,102,179,0.5698324022346368
67071,107,149,256,0.58203125
67072,147,159,306,0.5196078431372549
67073,96,138,234,0.5897435897435898
67074,135,172,307,0.5602605863192183
67075,115,157,272,0.5772058823529411
67076,160,137,297,0.4612794612794613
67077,126,146,272,0.5367647058823529
67078,131,165,296,0.5574324324324325
67079,83,120,203,0.5911330049261084
67080,142,199,341,0.5835777126099707
67081,103,152,255,0.596078431372549
67082,137,135,272,0.4963235294117647
67083,126,133,259,0.5135135135135135
67084,84,107,191,0.5602094240837696
67085,84,82,166,0.4939759036144578
67086,79,128,207,0.6183574879227053
67087,121,198,319,0.6206896551724138
67088,90,102,192,0.53125
67089,120,145,265,0.5471698113207547
67090,113,174,287,0.6062717770034843
67091,125,181,306,0.5915032679738562
67092,131,198,329,0.601823708206687
67093,94,169,263,0.6425855513307985
67094,125,196,321,0.6105919003115264
67095,119,115,234,0.49145299145299143
67096,86,144,230,0.6260869565217392
67097,106,136,242,0.5619834710743802
67098,102,178,280,0.6357142857142857
67099,118,213,331,0.6435045317220544
67101,75,78,153,0.5098039215686274
67102,0,0,0,0
67105,107,105,212,0.49528301886792453
67106,161,134,295,0.4542372881355932
67107,54,50,104,0.4807692307692308
67108,58,73,131,0.5572519083969466
67109,101,121,222,0.545045045045045
67110,55,82,137,0.5985401459854015
67111,50,57,107,0.5327102803738317
67112,101,176,277,0.6353790613718412
67113,42,50,92,0.5434782608695652
67114,79,106,185,0.572972972972973
68001,89,93,182,0.510989010989011
68002,91,63,154,0.4090909090909091
68003,62,92,154,0.5974025974025974
68004,91,112,203,0.5517241379310345
68005,68,86,154,0.5584415584415584
68006,48,55,103,0.5339805825242718
68007,34,67,101,0.6633663366336634
68008,72,107,179,0.5977653631284916
68009,83,69,152,0.45394736842105265
68010,67,67,134,0.5
68011,85,113,198,0.5707070707070707
68012,15,48,63,0.7619047619047619
68013,36,41,77,0.5324675324675324
68014,21,71,92,0.7717391304347826
68015,88,69,157,0.4394904458598726
68016,56,33,89,0.3707865168539326
68017,79,97,176,0.5511363636363636
68018,73,65,138,0.47101449275362317
68019,49,44,93,0.4731182795698925
68020,19,32,51,0.6274509803921569
68021,56,49,105,0.4666666666666667
68022,67,126,193,0.6528497409326425
68023,52,87,139,0.6258992805755396
68024,36,50,86,0.5813953488372093
68025,47,62,109,0.5688073394495413
68026,59,65,124,0.5241935483870968
68027,62,82,144,0.5694444444444444
68028,62,51,113,0.45132743362831856
68029,23,24,47,0.5106382978723404
68030,67,74,141,0.524822695035461
68031,94,110,204,0.5392156862745098
68032,54,41,95,0.43157894736842106
68033,87,166,253,0.6561264822134387
68034,77,137,214,0.6401869158878505
68035,87,102,189,0.5396825396825397
68036,45,50,95,0.5263157894736842
68037,76,84,160,0.525
68038,60,86,146,0.589041095890411
68039,79,97,176,0.5511363636363636
68040,104,67,171,0.391812865497076
68041,105,100,205,0.4878048780487805
68042,96,78,174,0.4482758620689655
68043,59,107,166,0.6445783132530121
68044,59,53,112,0.4732142857142857
68045,34,39,73,0.5342465753424658
68046,54,94,148,0.6351351351351351
68047,64,59,123,0.4796747967479675
68048,67,54,121,0.4462809917355372
68049,50,64,114,0.5614035087719298
68050,122,85,207,0.4106280193236715
68051,78,82,160,0.5125
68052,115,93,208,0.44711538461538464
68053,71,81,152,0.5328947368421053
68054,64,101,165,0.6121212121212121
68055,92,112,204,0.5490196078431373
68056,59,81,140,0.5785714285714286
68057,58,83,141,0.5886524822695035
68058,46,59,105,0.5619047619047619
68059,65,57,122,0.4672131147540984
68060,75,78,153,0.5098039215686274
68061,81,84,165,0.509090909090909
68062,68,64,132,0.48484848484848486
68063,39,63,102,0.6176470588235294
68064,51,35,86,0.4069767441860465
68065,55,50,105,0.47619047619047616
68066,82,93,175,0.5314285714285715
68067,51,29,80,0.3625
68068,59,54,113,0.4778761061946903
68069,57,71,128,0.5546875
68070,39,39,78,0.5
68071,60,90,150,0.6
68072,60,89,149,0.5973154362416108
68073,58,95,153,0.6209150326797386
68074,82,118,200,0.59
68075,50,69,119,0.5798319327731093
68076,85,85,170,0.5
68077,47,60,107,0.5607476635514018
68078,65,108,173,0.6242774566473989
68079,75,103,178,0.5786516853932584
68080,111,203,314,0.6464968152866242
68081,15,44,59,0.7457627118644068
68082,138,191,329,0.5805471124620061
68083,78,137,215,0.6372093023255814
68084,54,48,102,0.47058823529411764
68085,115,78,193,0.40414507772020725
68086,52,61,113,0.5398230088495575
68087,51,112,163,0.6871165644171779
68088,62,47,109,0.43119266055045874
68089,77,75,152,0.4934210526315789
68090,61,47,108,0.4351851851851852
68091,45,50,95,0.5263157894736842
68092,67,61,128,0.4765625
68093,82,85,167,0.5089820359281437
68094,12,3,15,0.2
68095,0,0,0,0
68096,31,24,55,0.43636363636363634
68097,107,87,194,0.4484536082474227
68098,56,34,90,0.37777777777777777
68108,38,54,92,0.5869565217391305
68109,54,75,129,0.5813953488372093
68110,33,50,83,0.6024096385542169
68111,36,57,93,0.6129032258064516
68112,91,101,192,0.5260416666666666
68113,21,33,54,0.6111111111111112
68114,35,32,67,0.47761194029850745
68115,52,37,89,0.4157303370786517
69001,62,106,168,0.6309523809523809
69002,64,81,145,0.5586206896551724
69003,106,161,267,0.602996254681648
69004,106,149,255,0.5843137254901961
69005,75,129,204,0.6323529411764706
69006,134,151,285,0.5298245614035088
69007,104,130,234,0.5555555555555556
69008,37,64,101,0.6336633663366337
69009,102,140,242,0.5785123966942148
69010,119,200,319,0.6269592476489029
69011,141,182,323,0.5634674922600619
69012,44,69,113,0.6106194690265486
69013,97,97,194,0.5
69014,67,81,148,0.5472972972972973
69015,132,162,294,0.5510204081632653
69016,108,113,221,0.5113122171945701
69017,96,93,189,0.49206349206349204
69018,128,191,319,0.5987460815047022
69019,81,84,165,0.509090909090909
69020,142,177,319,0.554858934169279
69021,157,206,363,0.5674931129476584
69022,130,198,328,0.6036585365853658
69023,75,131,206,0.6359223300970874
69024,124,159,283,0.5618374558303887
69025,89,106,195,0.5435897435897435
69026,121,213,334,0.6377245508982036
69027,65,75,140,0.5357142857142857
69028,65,59,124,0.47580645161290325
69029,149,216,365,0.5917808219178082
69030,128,157,285,0.5508771929824562
69031,99,156,255,0.611764705882353
69032,144,194,338,0.5739644970414202
69033,153,211,364,0.5796703296703297
69034,138,214,352,0.6079545454545454
69035,31,81,112,0.7232142857142857
69036,14,16,30,0.5333333333333333
69037,78,105,183,0.5737704918032787
69038,108,119,227,0.5242290748898678
69039,123,173,296,0.5844594594594594
69040,225,264,489,0.5398773006134969
69041,85,99,184,0.5380434782608695
69042,110,158,268,0.5895522388059702
69043,147,155,302,0.5132450331125827
69044,91,196,287,0.6829268292682927
69045,125,222,347,0.6397694524495677
69046,130,195,325,0.6
69047,64,138,202,0.6831683168316832
69048,107,212,319,0.664576802507837
69049,87,236,323,0.7306501547987616
69050,113,205,318,0.6446540880503144
69051,67,140,207,0.6763285024154589
69052,112,149,261,0.5708812260536399
69053,73,50,123,0.4065040650406504
69054,98,88,186,0.4731182795698925
69055,113,135,248,0.5443548387096774
69056,64,47,111,0.42342342342342343
69057,91,96,187,0.5133689839572193
69058,70,120,190,0.631578947368421
69059,54,73,127,0.5748031496062992
69060,103,207,310,0.667741935483871
69061,118,219,337,0.6498516320474778
69062,119,204,323,0.631578947368421
69063,65,164,229,0.7161572052401747
69064,120,217,337,0.6439169139465876
69065,78,206,284,0.7253521126760564
69066,38,69,107,0.6448598130841121
69067,81,113,194,0.5824742268041238
69068,77,78,155,0.5032258064516129
69069,108,219,327,0.6697247706422018
69070,49,67,116,0.5775862068965517
69071,34,73,107,0.6822429906542056
69072,90,172,262,0.6564885496183206
69073,134,228,362,0.6298342541436464
69074,97,126,223,0.5650224215246636
69075,110,111,221,0.502262443438914
69076,97,100,197,0.5076142131979695
69077,97,197,294,0.6700680272108843
69078,76,212,288,0.7361111111111112
69079,78,149,227,0.6563876651982379
69080,42,89,131,0.6793893129770993
69081,151,139,290,0.4793103448275862
69082,66,99,165,0.6
69083,125,137,262,0.5229007633587787
69084,78,143,221,0.6470588235294118
69085,62,146,208,0.7019230769230769
69086,112,297,409,0.726161369193154
69087,99,222,321,0.6915887850467289
69088,28,55,83,0.6626506024096386
69089,127,65,192,0.3385416666666667
69090,104,210,314,0.6687898089171974
69091,65,168,233,0.721030042918455
69092,89,222,311,0.7138263665594855
69093,141,271,412,0.6577669902912622
69094,41,114,155,0.7354838709677419
69095,80,236,316,0.7468354430379747
69096,2,22,24,0.9166666666666666
69097,71,129,200,0.645
69098,85,159,244,0.6516393442622951
69099,147,241,388,0.6211340206185567
69100,70,118,188,0.6276595744680851
69101,83,85,168,0.5059523809523809
69102,69,107,176,0.6079545454545454
69105,0,0,0,0
69108,88,144,232,0.6206896551724138
69109,44,70,114,0.6140350877192983
69110,66,103,169,0.6094674556213018
69111,79,117,196,0.5969387755102041
69112,57,112,169,0.6627218934911243
69113,66,106,172,0.6162790697674418
69114,35,31,66,0.4696969696969697
69115,74,95,169,0.5621301775147929
70001,47,78,125,0.624
70002,66,105,171,0.6140350877192983
70003,80,122,202,0.6039603960396039
70004,55,116,171,0.6783625730994152
70005,71,122,193,0.6321243523316062
70006,68,178,246,0.7235772357723578
70007,71,154,225,0.6844444444444444
70008,136,156,292,0.5342465753424658
70009,110,191,301,0.6345514950166113
70010,85,134,219,0.6118721461187214
70011,73,186,259,0.7181467181467182
70012,73,156,229,0.6812227074235808
70013,81,117,198,0.5909090909090909
70014,82,152,234,0.6495726495726496
70015,64,142,206,0.6893203883495146
70016,74,144,218,0.6605504587155964
70017,41,98,139,0.7050359712230215
70018,44,85,129,0.6589147286821705
70019,122,244,366,0.6666666666666666
70020,77,142,219,0.6484018264840182
70021,94,177,271,0.6531365313653137
70022,84,191,275,0.6945454545454546
70023,116,201,317,0.6340694006309149
70024,69,147,216,0.6805555555555556
70025,74,87,161,0.5403726708074534
70026,91,209,300,0.6966666666666667
70027,75,128,203,0.6305418719211823
70028,50,108,158,0.6835443037974683
70029,69,122,191,0.6387434554973822
70030,74,62,136,0.45588235294117646
70031,67,70,137,0.5109489051094891
70032,64,66,130,0.5076923076923077
70033,82,161,243,0.6625514403292181
70034,93,144,237,0.6075949367088608
70035,68,194,262,0.7404580152671756
70036,98,150,248,0.6048387096774194
70037,77,84,161,0.5217391304347826
70038,55,67,122,0.5491803278688525
70039,60,49,109,0.44954128440366975
70040,139,237,376,0.6303191489361702
70041,143,202,345,0.5855072463768116
70042,110,189,299,0.6321070234113713
70043,87,180,267,0.6741573033707865
70044,89,192,281,0.6832740213523132
70045,77,159,236,0.673728813559322
70046,179,173,352,0.4914772727272727
70047,100,148,248,0.5967741935483871
70048,86,120,206,0.5825242718446602
70049,54,105,159,0.660377358490566
70050,104,206,310,0.6645161290322581
70051,45,85,130,0.6538461538461539
70052,80,160,240,0.6666666666666666
70053,108,147,255,0.5764705882352941
70054,159,242,401,0.6034912718204489
70055,125,147,272,0.5404411764705882
70056,67,114,181,0.6298342541436464
70057,49,110,159,0.6918238993710691
70058,90,117,207,0.5652173913043478
70059,71,79,150,0.5266666666666666
70060,59,54,113,0.4778761061946903
70061,92,81,173,0.4682080924855491
70062,71,132,203,0.6502463054187192
70063,79,131,210,0.6238095238095238
70064,1,13,14,0.9285714285714286
70065,65,219,284,0.7711267605633803
70066,78,127,205,0.6195121951219512
70067,21,70,91,0.7692307692307693
70068,66,159,225,0.7066666666666667
70069,27,49,76,0.6447368421052632
70070,21,37,58,0.6379310344827587
70071,99,97,196,0.49489795918367346
70072,115,105,220,0.4772727272727273
70073,97,122,219,0.5570776255707762
70074,88,206,294,0.7006802721088435
70075,76,120,196,0.6122448979591837
70076,121,103,224,0.45982142857142855
70077,72,78,150,0.52
70078,47,74,121,0.6115702479338843
70079,45,62,107,0.5794392523364486
70080,84,84,168,0.5
70081,70,87,157,0.554140127388535
70082,54,77,131,0.5877862595419847
70083,41,97,138,0.7028985507246377
70084,75,94,169,0.5562130177514792
70085,145,213,358,0.5949720670391061
70086,92,98,190,0.5157894736842106
70087,58,72,130,0.5538461538461539
70088,68,96,164,0.5853658536585366
70089,54,155,209,0.7416267942583732
70090,29,59,88,0.6704545454545454
70091,32,62,94,0.6595744680851063
70092,65,125,190,0.6578947368421053
70093,70,130,200,0.65
70098,78,149,227,0.6563876651982379
70099,69,52,121,0.4297520661157025
70100,88,112,200,0.56
70101,56,104,160,0.65
70102,90,129,219,0.589041095890411
70103,67,138,205,0.6731707317073171
70104,56,71,127,0.5590551181102362
70105,76,192,268,0.7164179104477612
70106,63,127,190,0.6684210526315789
70107,50,98,148,0.6621621621621622
70108,67,161,228,0.706140350877193
70109,58,58,116,0.5
70110,70,133,203,0.6551724137931034
70111,34,72,106,0.6792452830188679
71001,98,127,225,0.5644444444444444
71002,65,93,158,0.5886075949367089
71003,44,77,121,0.6363636363636364
71004,49,93,142,0.6549295774647887
71005,58,96,154,0.6233766233766234
71006,99,125,224,0.5580357142857143
71007,59,94,153,0.6143790849673203
71008,80,124,204,0.6078431372549019
71009,71,162,233,0.6952789699570815
71010,113,177,290,0.6103448275862069
71011,53,124,177,0.7005649717514124
71012,67,138,205,0.6731707317073171
71013,56,110,166,0.6626506024096386
71014,56,100,156,0.6410256410256411
71015,58,85,143,0.5944055944055944
71016,65,86,151,0.5695364238410596
71017,73,119,192,0.6197916666666666
71018,164,220,384,0.5729166666666666
71019,225,261,486,0.5370370370370371
71020,201,236,437,0.540045766590389
71021,65,138,203,0.6798029556650246
71022,84,116,200,0.58
71023,98,126,224,0.5625
71024,72,128,200,0.64
71025,69,117,186,0.6290322580645161
71026,85,157,242,0.6487603305785123
71027,69,99,168,0.5892857142857143
71028,53,131,184,0.7119565217391305
71029,74,116,190,0.6105263157894737
71030,88,133,221,0.6018099547511312
71031,106,194,300,0.6466666666666666
71032,87,157,244,0.6434426229508197
71033,96,167,263,0.6349809885931559
71034,79,124,203,0.6108374384236454
71035,60,142,202,0.7029702970297029
71036,61,100,161,0.6211180124223602
71037,69,69,138,0.5
71038,92,132,224,0.5892857142857143
71039,95,103,198,0.5202020202020202
71040,100,161,261,0.6168582375478927
71041,142,204,346,0.5895953757225434
71042,91,146,237,0.6160337552742616
71043,85,83,168,0.49404761904761907
71044,90,138,228,0.6052631578947368
71045,65,97,162,0.5987654320987654
71046,91,156,247,0.631578947368421
71047,119,172,291,0.5910652920962199
71048,82,90,172,0.5232558139534884
71049,85,87,172,0.5058139534883721
71050,59,79,138,0.572463768115942
71051,23,31,54,0.5740740740740741
71052,99,85,184,0.46195652173913043
71053,42,69,111,0.6216216216216216
71054,78,75,153,0.49019607843137253
71055,66,73,139,0.5251798561151079
71056,63,43,106,0.4056603773584906
71057,48,64,112,0.5714285714285714
71058,48,77,125,0.616
71059,56,66,122,0.5409836065573771
71060,68,84,152,0.5526315789473685
71061,52,83,135,0.6148148148148148
71062,51,61,112,0.5446428571428571
71063,65,89,154,0.577922077922078
71064,53,77,130,0.5923076923076923
71065,92,133,225,0.5911111111111111
71066,83,113,196,0.576530612244898
71067,57,86,143,0.6013986013986014
71068,88,127,215,0.5906976744186047
71069,53,59,112,0.5267857142857143
71070,82,89,171,0.52046783625731
71071,70,110,180,0.6111111111111112
71072,63,54,117,0.46153846153846156
71073,92,153,245,0.6244897959183674
71074,85,150,235,0.6382978723404256
71075,85,110,195,0.5641025641025641
71076,112,180,292,0.6164383561643836
71077,119,225,344,0.6540697674418605
71078,123,238,361,0.6592797783933518
71079,129,279,408,0.6838235294117647
71080,89,143,232,0.6163793103448276
71081,97,180,277,0.6498194945848376
71082,103,162,265,0.6113207547169811
71083,122,263,385,0.6831168831168831
71084,83,141,224,0.6294642857142857
71085,130,275,405,0.6790123456790124
71086,11,21,32,0.65625
71087,90,106,196,0.5408163265306123
71088,51,71,122,0.5819672131147541
71089,104,80,184,0.43478260869565216
71090,89,96,185,0.518918918918919
71091,53,75,128,0.5859375
71092,99,156,255,0.611764705882353
71093,58,87,145,0.6
71097,82,155,237,0.6540084388185654
71098,71,125,196,0.6377551020408163
71099,59,97,156,0.6217948717948718
71100,62,66,128,0.515625
71101,41,60,101,0.594059405940594
71102,45,93,138,0.6739130434782609
71103,49,59,108,0.5462962962962963
71104,45,65,110,0.5909090909090909
71105,47,85,132,0.6439393939393939
71106,38,63,101,0.6237623762376238
71107,61,124,185,0.6702702702702703
71108,38,47,85,0.5529411764705883
71109,50,99,149,0.6644295302013423
72001,59,100,159,0.6289308176100629
72002,81,87,168,0.5178571428571429
72003,40,53,93,0.5698924731182796
72004,63,59,122,0.48360655737704916
72005,47,64,111,0.5765765765765766
72006,50,28,78,0.358974358974359
72007,41,23,64,0.359375
72008,50,62,112,0.5535714285714286
72009,94,74,168,0.44047619047619047
72010,65,65,130,0.5
72011,40,31,71,0.43661971830985913
72012,64,56,120,0.4666666666666667
72013,43,39,82,0.47560975609756095
72014,58,48,106,0.4528301886792453
72015,68,73,141,0.5177304964539007
72016,78,71,149,0.47651006711409394
72017,86,59,145,0.4068965517241379
72018,91,122,213,0.5727699530516432
72019,92,124,216,0.5740740740740741
72020,52,42,94,0.44680851063829785
72021,78,92,170,0.5411764705882353
72022,83,66,149,0.4429530201342282
72023,68,55,123,0.44715447154471544
72024,74,43,117,0.36752136752136755
72025,41,49,90,0.5444444444444444
72026,95,95,190,0.5
72027,82,49,131,0.37404580152671757
72028,73,57,130,0.43846153846153846
72029,88,90,178,0.5056179775280899
72030,81,70,151,0.46357615894039733
72031,48,25,73,0.3424657534246575
72032,93,94,187,0.5026737967914439
72033,58,38,96,0.3958333333333333
72034,56,32,88,0.36363636363636365
72035,49,42,91,0.46153846153846156
72036,101,105,206,0.5097087378640777
72037,43,92,135,0.6814814814814815
72038,84,173,257,0.6731517509727627
72039,71,107,178,0.601123595505618
72040,103,132,235,0.5617021276595745
72041,74,116,190,0.6105263157894737
72042,100,128,228,0.5614035087719298
72043,111,116,227,0.5110132158590308
72044,75,67,142,0.47183098591549294
72045,78,66,144,0.4583333333333333
72046,76,126,202,0.6237623762376238
72047,90,67,157,0.4267515923566879
72048,61,51,112,0.45535714285714285
72049,57,54,111,0.4864864864864865
72050,81,50,131,0.3816793893129771
72051,66,52,118,0.4406779661016949
72052,116,82,198,0.41414141414141414
72053,64,35,99,0.35353535353535354
72054,96,67,163,0.4110429447852761
72055,102,86,188,0.4574468085106383
72056,91,68,159,0.4276729559748428
72057,84,203,287,0.7073170731707317
72058,121,210,331,0.6344410876132931
72059,107,154,261,0.5900383141762452
72060,98,156,254,0.6141732283464567
72061,49,71,120,0.5916666666666667
72062,70,52,122,0.4262295081967213
72063,78,86,164,0.524390243902439
72064,75,184,259,0.7104247104247104
72065,103,95,198,0.4797979797979798
72066,90,185,275,0.6727272727272727
72067,112,248,360,0.6888888888888889
72068,171,269,440,0.6113636363636363
72069,123,170,293,0.5802047781569966
72070,95,168,263,0.6387832699619772
72071,55,53,108,0.49074074074074076
72072,67,55,122,0.45081967213114754
72073,83,105,188,0.5585106382978723
72074,94,107,201,0.5323383084577115
72075,117,110,227,0.4845814977973568
72076,79,64,143,0.44755244755244755
72077,33,37,70,0.5285714285714286
72078,65,48,113,0.4247787610619469
72079,64,36,100,0.36
72080,0,0,0,0
72081,0,0,0,0
72082,0,0,0,0
72086,85,51,136,0.375
72087,58,30,88,0.3409090909090909
72088,45,39,84,0.4642857142857143
72089,77,53,130,0.4076923076923077
72090,69,68,137,0.49635036496350365
72091,94,136,230,0.591304347826087
72092,67,72,139,0.5179856115107914
72093,100,56,156,0.358974358974359
72094,66,47,113,0.415929203539823
72095,56,53,109,0.48623853211009177
72096,65,27,92,0.29347826086956524
72097,41,29,70,0.4142857142857143
73001,66,42,108,0.3888888888888889
73002,48,33,81,0.4074074074074074
73003,105,116,221,0.5248868778280543
73004,69,58,127,0.4566929133858268
73005,63,66,129,0.5116279069767442
73006,62,69,131,0.5267175572519084
73007,57,50,107,0.4672897196261682
73008,2,2,4,0.5
73009,115,92,207,0.4444444444444444
73010,128,104,232,0.4482758620689655
73011,65,68,133,0.5112781954887218
73012,39,29,68,0.4264705882352941
73013,67,61,128,0.4765625
73014,18,29,47,0.6170212765957447
73015,27,36,63,0.5714285714285714
73016,53,41,94,0.43617021276595747
73017,85,56,141,0.3971631205673759
73018,67,54,121,0.4462809917355372
73019,59,44,103,0.42718446601941745
73020,1,1,2,0.5
73021,80,77,157,0.49044585987261147
73022,64,70,134,0.5223880597014925
73023,64,69,133,0.518796992481203
73024,158,99,257,0.3852140077821012
73025,113,75,188,0.39893617021276595
73026,106,88,194,0.4536082474226804
73027,76,55,131,0.4198473282442748
73028,112,90,202,0.44554455445544555
73029,97,71,168,0.4226190476190476
73030,77,66,143,0.46153846153846156
73031,97,98,195,0.5025641025641026
73032,60,77,137,0.5620437956204379
73033,131,96,227,0.42290748898678415
73034,75,43,118,0.3644067796610169
73035,181,84,265,0.3169811320754717
73036,90,72,162,0.4444444444444444
73037,86,82,168,0.4880952380952381
73038,96,83,179,0.46368715083798884
73039,103,74,177,0.4180790960451977
73040,104,66,170,0.38823529411764707
73041,110,68,178,0.38202247191011235
73042,54,64,118,0.5423728813559322
73043,4,4,8,0.5
73044,62,82,144,0.5694444444444444
73045,35,33,68,0.4852941176470588
73046,38,23,61,0.3770491803278688
73047,83,62,145,0.42758620689655175
73048,57,40,97,0.41237113402061853
73049,82,91,173,0.5260115606936416
73050,42,38,80,0.475
73051,47,33,80,0.4125
73052,40,37,77,0.4805194805194805
73053,54,68,122,0.5573770491803278
73054,52,57,109,0.5229357798165137
73055,89,62,151,0.4105960264900662
73056,93,61,154,0.3961038961038961
73057,113,76,189,0.4021164021164021
73058,79,49,128,0.3828125
73059,66,52,118,0.4406779661016949
73060,103,54,157,0.34394904458598724
73061,61,61,122,0.5
73062,91,56,147,0.38095238095238093
73063,106,94,200,0.47
73064,80,74,154,0.4805194805194805
73065,91,92,183,0.5027322404371585
73066,76,50,126,0.3968253968253968
73067,84,51,135,0.37777777777777777
73068,106,110,216,0.5092592592592593
73069,141,134,275,0.48727272727272725
73070,65,67,132,0.5075757575757576
73071,76,63,139,0.45323741007194246
73072,57,55,112,0.49107142857142855
73073,107,89,196,0.45408163265306123
73074,96,106,202,0.5247524752475248
73075,69,60,129,0.46511627906976744
73076,84,50,134,0.373134328358209
73077,72,49,121,0.4049586776859504
73078,89,69,158,0.43670886075949367
73079,127,96,223,0.4304932735426009
73080,112,101,213,0.47417840375586856
73081,97,60,157,0.3821656050955414
73082,82,62,144,0.4305555555555556
73083,95,100,195,0.5128205128205128
73084,78,85,163,0.5214723926380368
73085,68,105,173,0.6069364161849711
73086,106,99,205,0.48292682926829267
73087,132,74,206,0.3592233009708738
73088,59,66,125,0.528
73089,87,103,190,0.5421052631578948
73090,116,95,211,0.45023696682464454
73091,136,94,230,0.40869565217391307
73092,117,74,191,0.387434554973822
73093,109,116,225,0.5155555555555555
73094,87,91,178,0.5112359550561798
73095,105,84,189,0.4444444444444444
73096,70,86,156,0.5512820512820513
73097,112,79,191,0.41361256544502617
73098,45,52,97,0.5360824742268041
73099,61,64,125,0.512
73100,83,67,150,0.44666666666666666
73101,55,38,93,0.40860215053763443
73102,68,68,136,0.5
73103,45,36,81,0.4444444444444444
73104,70,87,157,0.554140127388535
73105,61,65,126,0.5158730158730159
73106,58,64,122,0.5245901639344263
73107,50,75,125,0.6
74001,63,51,114,0.4473684210526316
74002,71,58,129,0.4496124031007752
74003,66,52,118,0.4406779661016949
74004,84,55,139,0.39568345323741005
74005,54,45,99,0.45454545454545453
74006,65,64,129,0.49612403100775193
74007,54,79,133,0.5939849624060151
74008,46,108,154,0.7012987012987013
74009,30,33,63,0.5238095238095238
74010,32,87,119,0.7310924369747899
74011,75,55,130,0.4230769230769231
74012,86,53,139,0.381294964028777
74013,80,54,134,0.40298507462686567
74014,69,60,129,0.46511627906976744
74015,54,118,172,0.686046511627907
74016,43,50,93,0.5376344086021505
74017,60,106,166,0.6385542168674698
74018,37,39,76,0.5131578947368421
74019,89,78,167,0.46706586826347307
74020,91,148,239,0.6192468619246861
74021,75,195,270,0.7222222222222222
74022,69,134,203,0.6600985221674877
74023,62,148,210,0.7047619047619048
74024,64,143,207,0.6908212560386473
74025,49,103,152,0.6776315789473685
74026,80,52,132,0.3939393939393939
74027,72,71,143,0.4965034965034965
74028,40,49,89,0.550561797752809
74029,62,50,112,0.44642857142857145
74030,54,47,101,0.46534653465346537
74031,125,135,260,0.5192307692307693
74032,91,168,259,0.6486486486486487
74033,93,202,295,0.6847457627118644
74034,70,196,266,0.7368421052631579
74035,69,63,132,0.4772727272727273
74036,38,49,87,0.5632183908045977
74037,43,81,124,0.6532258064516129
74038,69,101,170,0.5941176470588235
74039,87,118,205,0.5756097560975609
74040,95,144,239,0.602510460251046
74041,115,158,273,0.5787545787545788
74042,121,129,250,0.516
74043,166,156,322,0.484472049689441
74044,113,120,233,0.5150214592274678
74045,159,141,300,0.47
74046,109,125,234,0.5341880341880342
74047,123,134,257,0.5214007782101168
74048,112,108,220,0.4909090909090909
74049,98,122,220,0.5545454545454546
74050,120,132,252,0.5238095238095238
74051,112,119,231,0.5151515151515151
74052,96,115,211,0.5450236966824644
74053,52,120,172,0.6976744186046512
74054,88,120,208,0.5769230769230769
74055,32,53,85,0.6235294117647059
74056,67,109,176,0.6193181818181818
74057,66,79,145,0.5448275862068965
74058,107,136,243,0.5596707818930041
74059,117,159,276,0.5760869565217391
74060,117,95,212,0.4481132075471698
74061,148,85,233,0.3648068669527897
74062,113,113,226,0.5
74063,65,63,128,0.4921875
74064,75,98,173,0.5664739884393064
74065,59,80,139,0.5755395683453237
74066,74,66,140,0.4714285714285714
74067,102,93,195,0.47692307692307695
74068,85,89,174,0.5114942528735632
74069,60,51,111,0.4594594594594595
74070,74,69,143,0.4825174825174825
74071,55,84,139,0.60431654676259
74072,47,42,89,0.47191011235955055
74073,102,109,211,0.5165876777251185
74074,134,125,259,0.4826254826254826
74075,132,129,261,0.4942528735632184
74076,87,98,185,0.5297297297297298
74077,76,79,155,0.5096774193548387
74078,124,89,213,0.41784037558685444
74079,83,67,150,0.44666666666666666
74080,68,75,143,0.5244755244755245
74081,10,42,52,0.8076923076923077
74082,66,72,138,0.5217391304347826
74083,103,114,217,0.5253456221198156
74084,60,56,116,0.4827586206896552
74085,24,34,58,0.5862068965517241
74086,45,49,94,0.5212765957446809
74087,84,75,159,0.4716981132075472
74088,128,80,208,0.38461538461538464
74089,104,82,186,0.44086021505376344
74090,84,76,160,0.475
74091,102,82,184,0.44565217391304346
74092,111,142,253,0.5612648221343873
74093,0,0,0,0
74095,0,0,0,0
74096,0,0,0,0
74097,0,0,0,0
74098,85,121,206,0.587378640776699
74099,58,162,220,0.7363636363636363
74100,64,116,180,0.6444444444444445
74101,77,75,152,0.4934210526315789
74102,38,37,75,0.49333333333333335
74103,60,57,117,0.48717948717948717
74104,73,72,145,0.496551724137931
74105,71,167,238,0.7016806722689075
74106,31,119,150,0.7933333333333333
74107,51,56,107,0.5233644859813084
75001,99,139,238,0.5840336134453782
75002,156,163,319,0.5109717868338558
75003,62,93,155,0.6
75004,120,145,265,0.5471698113207547
75005,51,84,135,0.6222222222222222
75006,159,159,318,0.5
75007,92,134,226,0.5929203539823009
75008,53,81,134,0.6044776119402985
75009,73,90,163,0.5521472392638037
75010,109,123,232,0.5301724137931034
75011,92,104,196,0.5306122448979592
75012,65,60,125,0.48
75013,100,87,187,0.46524064171123
75014,47,45,92,0.4891304347826087
75015,73,120,193,0.6217616580310881
75016,64,87,151,0.5761589403973509
75017,77,134,211,0.6350710900473934
75018,44,80,124,0.6451612903225806
75019,73,128,201,0.6368159203980099
75020,88,129,217,0.5944700460829493
75021,84,115,199,0.5778894472361809
75022,80,90,170,0.5294117647058824
75023,122,208,330,0.6303030303030303
75024,56,92,148,0.6216216216216216
75025,119,171,290,0.5896551724137931
75026,93,122,215,0.5674418604651162
75027,72,49,121,0.4049586776859504
75028,106,116,222,0.5225225225225225
75029,63,79,142,0.5563380281690141
75030,58,99,157,0.6305732484076433
75031,109,80,189,0.42328042328042326
75032,94,130,224,0.5803571428571429
75033,58,105,163,0.6441717791411042
75034,55,55,110,0.5
75035,34,51,85,0.6
75036,79,105,184,0.5706521739130435
75037,132,133,265,0.5018867924528302
75038,90,103,193,0.533678756476684
75039,73,111,184,0.6032608695652174
75040,66,64,130,0.49230769230769234
75041,80,68,148,0.4594594594594595
75042,57,65,122,0.5327868852459017
75043,192,229,421,0.5439429928741093
75044,94,103,197,0.5228426395939086
75045,60,42,102,0.4117647058823529
75046,30,57,87,0.6551724137931034
75047,61,79,140,0.5642857142857143
75048,82,97,179,0.5418994413407822
75049,66,111,177,0.6271186440677966
75050,45,51,96,0.53125
75051,37,47,84,0.5595238095238095
75052,68,65,133,0.48872180451127817
75053,61,83,144,0.5763888888888888
75054,62,54,116,0.46551724137931033
75055,56,58,114,0.5087719298245614
75056,88,109,197,0.5532994923857868
75057,61,41,102,0.4019607843137255
75058,53,63,116,0.5431034482758621
75059,113,115,228,0.5043859649122807
75060,4,7,11,0.6363636363636364
75062,69,102,171,0.5964912280701754
75063,67,100,167,0.5988023952095808
75064,38,55,93,0.5913978494623656
75065,1,0,1,0.0
75066,25,25,50,0.5
75067,27,49,76,0.6447368421052632
75068,55,76,131,0.5801526717557252
75069,18,20,38,0.5263157894736842
75070,95,142,237,0.5991561181434599
75071,285,232,517,0.44874274661508706
75072,346,227,573,0.3961605584642234
75073,69,95,164,0.5792682926829268
75074,54,50,104,0.4807692307692308
75075,64,55,119,0.46218487394957986
75076,61,60,121,0.49586776859504134
75077,47,61,108,0.5648148148148148
75078,47,94,141,0.6666666666666666
75079,65,97,162,0.5987654320987654
75080,74,115,189,0.6084656084656085
75081,42,48,90,0.5333333333333333
75082,79,129,208,0.6201923076923077
75083,93,118,211,0.5592417061611374
75084,68,77,145,0.5310344827586206
75085,78,58,136,0.4264705882352941
75086,19,5,24,0.20833333333333334
75087,97,93,190,0.48947368421052634
75088,76,89,165,0.5393939393939394
75089,37,34,71,0.4788732394366197
75090,50,47,97,0.4845360824742268
75091,51,59,110,0.5363636363636364
75092,78,75,153,0.49019607843137253
75093,0,0,0,0
75094,77,79,156,0.5064102564102564
75095,117,89,206,0.4320388349514563
75096,78,69,147,0.46938775510204084
75097,124,119,243,0.4897119341563786
75098,72,68,140,0.4857142857142857
75099,69,106,175,0.6057142857142858
75100,56,97,153,0.6339869281045751
75103,0,0,0,0
75104,0,0,0,0
75105,0,0,0,0
75107,55,102,157,0.6496815286624203
75108,94,111,205,0.5414634146341464
75109,73,59,132,0.44696969696969696
75110,76,136,212,0.6415094339622641
75111,73,108,181,0.5966850828729282
75112,178,213,391,0.5447570332480819
75113,89,129,218,0.591743119266055
75114,168,192,360,0.5333333333333333
75115,80,110,190,0.5789473684210527
76001,88,129,217,0.5944700460829493
76002,100,92,192,0.4791666666666667
76003,65,63,128,0.4921875
76004,71,55,126,0.4365079365079365
76005,62,53,115,0.4608695652173913
76006,102,75,177,0.423728813559322
76007,69,89,158,0.5632911392405063
76008,57,56,113,0.49557522123893805
76009,71,38,109,0.3486238532110092
76010,121,118,239,0.49372384937238495
76011,43,80,123,0.6504065040650406
76012,81,78,159,0.49056603773584906
76013,90,46,136,0.3382352941176471
76014,57,60,117,0.5128205128205128
76015,55,62,117,0.5299145299145299
76016,114,115,229,0.5021834061135371
76017,93,83,176,0.4715909090909091
76018,68,80,148,0.5405405405405406
76019,49,53,102,0.5196078431372549
76020,94,84,178,0.47191011235955055
76021,146,99,245,0.40408163265306124
76022,100,57,157,0.3630573248407643
76023,55,59,114,0.5175438596491229
76024,79,72,151,0.4768211920529801
76025,128,88,216,0.4074074074074074
76026,104,64,168,0.38095238095238093
76027,83,103,186,0.553763440860215
76028,130,90,220,0.4090909090909091
76029,58,49,107,0.45794392523364486
76030,67,45,112,0.4017857142857143
76031,80,66,146,0.4520547945205479
76032,108,76,184,0.41304347826086957
76033,76,85,161,0.5279503105590062
76034,170,95,265,0.3584905660377358
76035,118,80,198,0.40404040404040403
76036,64,64,128,0.5
76037,80,62,142,0.43661971830985913
76038,71,91,162,0.5617283950617284
76039,97,81,178,0.4550561797752809
76040,120,94,214,0.4392523364485981
76041,89,127,216,0.5879629629629629
76042,125,88,213,0.4131455399061033
76043,87,91,178,0.5112359550561798
76044,110,86,196,0.4387755102040816
76045,95,50,145,0.3448275862068966
76046,121,66,187,0.35294117647058826
76047,61,57,118,0.4830508474576271
76048,124,90,214,0.4205607476635514
76049,120,100,220,0.45454545454545453
76050,93,87,180,0.48333333333333334
76051,131,121,252,0.4801587301587302
76052,106,94,200,0.47
76053,90,78,168,0.4642857142857143
76054,105,112,217,0.5161290322580645
76055,125,116,241,0.48132780082987553
76056,53,65,118,0.5508474576271186
76057,116,108,224,0.48214285714285715
76058,136,94,230,0.40869565217391307
76059,109,102,211,0.4834123222748815
76060,85,140,225,0.6222222222222222
76061,67,80,147,0.54421768707483
76062,101,91,192,0.4739583333333333
76063,83,71,154,0.461038961038961
76064,98,82,180,0.45555555555555555
76065,115,100,215,0.46511627906976744
76066,64,82,146,0.5616438356164384
76067,84,110,194,0.5670103092783505
76068,84,89,173,0.5144508670520231
76069,121,109,230,0.47391304347826085
76070,93,98,191,0.5130890052356021
76071,108,85,193,0.44041450777202074
76072,121,125,246,0.508130081300813
76073,79,72,151,0.4768211920529801
76074,86,90,176,0.5113636363636364
76075,119,112,231,0.48484848484848486
76076,88,126,214,0.5887850467289719
76077,114,105,219,0.4794520547945205
76078,105,86,191,0.450261780104712
76079,94,91,185,0.4918918918918919
76080,93,109,202,0.5396039603960396
76081,66,80,146,0.547945205479452
76082,45,80,125,0.64
76083,109,155,264,0.5871212121212122
76084,104,108,212,0.5094339622641509
76085,94,87,181,0.48066298342541436
76086,58,80,138,0.5797101449275363
76087,23,38,61,0.6229508196721312
76088,98,68,166,0.40963855421686746
76089,58,69,127,0.5433070866141733
76090,0,1,1,1.0
76091,0,0,0,0
76093,0,0,0,0
76099,59,105,164,0.6402439024390244
76100,106,107,213,0.5023474178403756
76101,69,64,133,0.48120300751879697
76102,74,43,117,0.36752136752136755
76103,56,47,103,0.4563106796116505
77001,19,21,40,0.525
77002,45,30,75,0.4
77003,111,64,175,0.3657142857142857
77004,52,29,81,0.35802469135802467
77005,102,62,164,0.3780487804878049
77006,85,81,166,0.4879518072289157
77007,104,81,185,0.43783783783783786
77008,82,73,155,0.47096774193548385
77009,81,75,156,0.4807692307692308
77010,96,61,157,0.3885350318471338
77011,90,61,151,0.40397350993377484
77012,60,27,87,0.3103448275862069
77013,53,33,86,0.38372093023255816
77014,70,35,105,0.3333333333333333
77015,47,27,74,0.36486486486486486
77016,71,66,137,0.48175182481751827
77017,28,32,60,0.5333333333333333
77018,69,51,120,0.425
77019,68,57,125,0.456
77020,63,54,117,0.46153846153846156
77021,81,63,144,0.4375
77022,109,71,180,0.39444444444444443
77023,93,51,144,0.3541666666666667
77024,97,62,159,0.389937106918239
77025,88,68,156,0.4358974358974359
77026,46,39,85,0.4588235294117647
77027,92,86,178,0.48314606741573035
77028,89,62,151,0.4105960264900662
77029,25,26,51,0.5098039215686274
77030,41,49,90,0.5444444444444444
77031,14,11,25,0.44
77032,65,57,122,0.4672131147540984
77033,45,44,89,0.4943820224719101
77034,77,46,123,0.37398373983739835
77035,33,36,69,0.5217391304347826
77036,70,57,127,0.44881889763779526
77037,51,41,92,0.44565217391304346
77038,45,50,95,0.5263157894736842
77039,63,51,114,0.4473684210526316
77040,62,45,107,0.4205607476635514
77041,44,51,95,0.5368421052631579
77042,73,42,115,0.3652173913043478
77043,75,45,120,0.375
77044,73,52,125,0.416
77045,62,44,106,0.41509433962264153
77046,58,36,94,0.3829787234042553
77047,88,66,154,0.42857142857142855
77048,64,44,108,0.4074074074074074
77049,45,31,76,0.40789473684210525
77050,80,39,119,0.3277310924369748
77051,80,47,127,0.3700787401574803
77052,27,11,38,0.2894736842105263
77053,129,84,213,0.39436619718309857
77054,70,62,132,0.4696969696969697
77055,87,67,154,0.43506493506493504
77056,95,75,170,0.4411764705882353
77057,91,65,156,0.4166666666666667
77058,131,148,279,0.5304659498207885
77059,57,32,89,0.3595505617977528
77060,111,67,178,0.37640449438202245
77061,31,22,53,0.41509433962264153
77062,103,77,180,0.42777777777777776
77063,68,54,122,0.4426229508196721
77064,29,20,49,0.40816326530612246
77065,90,47,137,0.34306569343065696
77066,7,5,12,0.4166666666666667
77067,44,31,75,0.41333333333333333
77068,78,47,125,0.376
77071,81,63,144,0.4375
77072,77,81,158,0.5126582278481012
77074,103,76,179,0.4245810055865922
77075,50,50,100,0.5
77076,65,60,125,0.48
77077,54,33,87,0.3793103448275862
77078,87,72,159,0.4528301886792453
77079,29,21,50,0.42
77080,37,30,67,0.44776119402985076
77081,85,50,135,0.37037037037037035
77082,31,45,76,0.5921052631578947
78001,69,55,124,0.4435483870967742
78002,52,31,83,0.37349397590361444
78003,84,54,138,0.391304347826087
78004,38,23,61,0.3770491803278688
78005,53,33,86,0.38372093023255816
78006,114,54,168,0.32142857142857145
78007,13,13,26,0.5
78008,55,41,96,0.4270833333333333
78009,60,42,102,0.4117647058823529
78010,70,39,109,0.3577981651376147
78011,63,40,103,0.3883495145631068
78012,54,33,87,0.3793103448275862
78013,73,67,140,0.4785714285714286
78014,104,54,158,0.34177215189873417
78015,43,34,77,0.44155844155844154
78016,71,45,116,0.3879310344827586
78017,33,22,55,0.4
78018,52,35,87,0.40229885057471265
78019,54,27,81,0.3333333333333333
78020,58,37,95,0.3894736842105263
78021,44,29,73,0.3972602739726027
78022,52,42,94,0.44680851063829785
78023,62,40,102,0.39215686274509803
78024,54,32,86,0.37209302325581395
78025,56,42,98,0.42857142857142855
78026,56,54,110,0.4909090909090909
78027,71,47,118,0.3983050847457627
78028,68,35,103,0.33980582524271846
78029,68,58,126,0.4603174603174603
78030,35,45,80,0.5625
78031,85,53,138,0.38405797101449274
78032,64,52,116,0.4482758620689655
78033,101,76,177,0.4293785310734463
78034,64,48,112,0.42857142857142855
78035,27,15,42,0.35714285714285715
78036,66,38,104,0.36538461538461536
78037,9,7,16,0.4375
78038,84,77,161,0.4782608695652174
78039,19,20,39,0.5128205128205128
78040,130,99,229,0.43231441048034935
78041,173,99,272,0.3639705882352941
78043,30,19,49,0.3877551020408163
78044,75,43,118,0.3644067796610169
78045,52,49,101,0.48514851485148514
78046,44,26,70,0.37142857142857144
78047,70,35,105,0.3333333333333333
78048,198,130,328,0.39634146341463417
78049,129,108,237,0.45569620253164556
78050,91,83,174,0.47701149425287354
78051,59,60,119,0.5042016806722689
78052,40,34,74,0.4594594594594595
78053,77,41,118,0.3474576271186441
78054,51,37,88,0.42045454545454547
78059,73,49,122,0.4016393442622951
78060,73,51,124,0.4112903225806452
78061,45,25,70,0.35714285714285715
78062,34,36,70,0.5142857142857142
78063,23,14,37,0.3783783783783784
78064,41,31,72,0.4305555555555556
78065,46,33,79,0.4177215189873418
78066,43,26,69,0.37681159420289856
78067,75,57,132,0.4318181818181818
78068,13,13,26,0.5
78069,87,57,144,0.3958333333333333
78070,75,26,101,0.25742574257425743
78071,59,29,88,0.32954545454545453
78072,32,14,46,0.30434782608695654
78073,33,34,67,0.5074626865671642
79001,53,45,98,0.45918367346938777
79002,81,54,135,0.4
79003,106,68,174,0.39080459770114945
79004,78,53,131,0.40458015267175573
79005,49,32,81,0.3950617283950617
79006,53,37,90,0.4111111111111111
79007,89,59,148,0.39864864864864863
79008,82,45,127,0.3543307086614173
79009,28,23,51,0.45098039215686275
79010,59,49,108,0.4537037037037037
79011,31,26,57,0.45614035087719296
79012,16,16,32,0.5
79013,77,55,132,0.4166666666666667
79014,21,18,39,0.46153846153846156
79015,76,55,131,0.4198473282442748
79016,74,63,137,0.45985401459854014
79017,65,69,134,0.5149253731343284
79018,46,42,88,0.4772727272727273
79019,69,42,111,0.3783783783783784
79020,64,31,95,0.3263157894736842
79021,43,33,76,0.4342105263157895
79022,48,29,77,0.37662337662337664
79023,63,44,107,0.411214953271028
79024,75,68,143,0.4755244755244755
79025,76,46,122,0.3770491803278688
79026,86,64,150,0.4266666666666667
79027,110,49,159,0.3081761006289308
79028,89,71,160,0.44375
79030,89,42,131,0.32061068702290074
79031,53,54,107,0.5046728971962616
79032,63,35,98,0.35714285714285715
79033,76,51,127,0.4015748031496063
79034,65,52,117,0.4444444444444444
79035,70,44,114,0.38596491228070173
79036,92,51,143,0.35664335664335667
79037,78,50,128,0.390625
79038,57,72,129,0.5581395348837209
79039,97,77,174,0.4425287356321839
79040,108,68,176,0.38636363636363635
79041,84,67,151,0.44370860927152317
79042,78,48,126,0.38095238095238093
79043,66,54,120,0.45
79044,62,58,120,0.48333333333333334
79045,51,62,113,0.5486725663716814
79046,99,54,153,0.35294117647058826
79047,68,61,129,0.4728682170542636
79048,81,59,140,0.42142857142857143
79049,80,54,134,0.40298507462686567
79050,71,64,135,0.4740740740740741
79051,103,94,197,0.47715736040609136
79052,62,46,108,0.42592592592592593
79053,63,67,130,0.5153846153846153
79054,64,49,113,0.4336283185840708
79055,29,27,56,0.48214285714285715
79056,60,42,102,0.4117647058823529
79057,78,61,139,0.43884892086330934
79058,86,57,143,0.3986013986013986
79059,80,46,126,0.36507936507936506
79060,46,33,79,0.4177215189873418
79061,104,72,176,0.4090909090909091
79062,72,74,146,0.5068493150684932
79063,65,37,102,0.3627450980392157
79064,71,44,115,0.3826086956521739
79065,71,39,110,0.35454545454545455
79066,104,53,157,0.3375796178343949
79067,42,32,74,0.43243243243243246
79068,175,138,313,0.44089456869009586
79069,206,141,347,0.40634005763688763
79070,70,41,111,0.36936936936936937
79071,31,21,52,0.40384615384615385
79072,81,65,146,0.4452054794520548
79073,68,42,110,0.38181818181818183
79074,5,6,11,0.5454545454545454
79075,72,55,127,0.4330708661417323
79076,70,69,139,0.49640287769784175
79077,25,14,39,0.358974358974359
79078,25,17,42,0.40476190476190477
79079,31,23,54,0.42592592592592593
79082,29,28,57,0.49122807017543857
79083,75,51,126,0.40476190476190477
79084,74,75,149,0.5033557046979866
79085,77,37,114,0.32456140350877194
79086,81,67,148,0.4527027027027027
79087,31,25,56,0.44642857142857145
79088,13,3,16,0.1875
79089,65,61,126,0.48412698412698413
79090,185,127,312,0.40705128205128205
80001,48,31,79,0.3924050632911392
80002,19,53,72,0.7361111111111112
80003,70,35,105,0.3333333333333333
80004,26,13,39,0.3333333333333333
80005,26,11,37,0.2972972972972973
80006,50,35,85,0.4117647058823529
80007,54,34,88,0.38636363636363635
80008,42,18,60,0.3
80009,40,31,71,0.43661971830985913
80010,58,47,105,0.44761904761904764
80011,22,13,35,0.37142857142857144
80012,35,16,51,0.3137254901960784
80013,53,40,93,0.43010752688172044
80014,90,60,150,0.4
80015,40,31,71,0.43661971830985913
80016,121,92,213,0.431924882629108
80017,80,50,130,0.38461538461538464
80018,42,31,73,0.4246575342465753
80019,34,20,54,0.37037037037037035
80020,75,53,128,0.4140625
80021,98,109,207,0.5265700483091788
80022,98,93,191,0.4869109947643979
80023,92,54,146,0.3698630136986301
80024,102,71,173,0.41040462427745666
80025,107,75,182,0.41208791208791207
80026,78,57,135,0.4222222222222222
80027,68,39,107,0.3644859813084112
80028,68,42,110,0.38181818181818183
80029,13,10,23,0.43478260869565216
80030,65,40,105,0.38095238095238093
80031,113,60,173,0.3468208092485549
80032,49,27,76,0.35526315789473684
80033,35,28,63,0.4444444444444444
80034,61,42,103,0.4077669902912621
80035,62,29,91,0.31868131868131866
80036,88,41,129,0.3178294573643411
80037,35,31,66,0.4696969696969697
80038,69,49,118,0.4152542372881356
80039,77,52,129,0.40310077519379844
80040,56,33,89,0.3707865168539326
80041,112,90,202,0.44554455445544555
80042,75,52,127,0.4094488188976378
80043,82,36,118,0.3050847457627119
80044,72,37,109,0.3394495412844037
80045,100,38,138,0.2753623188405797
80046,34,27,61,0.4426229508196721
80047,80,46,126,0.36507936507936506
80048,118,77,195,0.39487179487179486
80049,20,10,30,0.3333333333333333
80050,58,35,93,0.3763440860215054
80051,43,33,76,0.4342105263157895
80052,66,64,130,0.49230769230769234
80053,50,41,91,0.45054945054945056
80054,21,19,40,0.475
80055,93,61,154,0.3961038961038961
80056,166,100,266,0.37593984962406013
80057,50,15,65,0.23076923076923078
80058,92,60,152,0.39473684210526316
80059,18,17,35,0.4857142857142857
80060,97,66,163,0.4049079754601227
80061,22,10,32,0.3125
80062,81,64,145,0.4413793103448276
80063,140,71,211,0.33649289099526064
80064,90,69,159,0.4339622641509434
80065,176,123,299,0.411371237458194
80066,74,38,112,0.3392857142857143
80067,88,49,137,0.35766423357664234
80068,65,48,113,0.4247787610619469
80069,40,16,56,0.2857142857142857
80070,93,55,148,0.3716216216216216
80071,100,67,167,0.40119760479041916
80072,13,9,22,0.4090909090909091
80073,41,28,69,0.4057971014492754
80074,117,63,180,0.35
80075,2,0,2,0.0
80076,66,32,98,0.32653061224489793
80077,59,49,108,0.4537037037037037
80078,102,56,158,0.35443037974683544
80079,46,45,91,0.4945054945054945
80080,95,58,153,0.3790849673202614
80081,42,47,89,0.5280898876404494
80082,48,45,93,0.4838709677419355
80083,74,49,123,0.3983739837398374
80084,69,59,128,0.4609375
80085,80,47,127,0.3700787401574803
80086,59,45,104,0.4326923076923077
80087,35,39,74,0.527027027027027
80093,64,52,116,0.4482758620689655
80094,73,73,146,0.5
80095,75,49,124,0.3951612903225806
81001,127,63,190,0.33157894736842103
81002,67,33,100,0.33
81003,61,51,112,0.45535714285714285
81004,57,60,117,0.5128205128205128
81005,56,52,108,0.48148148148148145
81006,100,82,182,0.45054945054945056
81007,57,54,111,0.4864864864864865
81008,53,37,90,0.4111111111111111
81009,73,41,114,0.35964912280701755
81010,24,22,46,0.4782608695652174
81011,24,8,32,0.25
81012,111,108,219,0.4931506849315068
81013,48,37,85,0.43529411764705883
81014,110,82,192,0.4270833333333333
81015,106,109,215,0.5069767441860465
81017,107,74,181,0.4088397790055249
81018,59,51,110,0.4636363636363636
81019,91,55,146,0.3767123287671233
81020,115,90,205,0.43902439024390244
81021,119,61,180,0.3388888888888889
81022,84,59,143,0.4125874125874126
81023,142,95,237,0.4008438818565401
81024,83,51,134,0.3805970149253731
81025,48,22,70,0.3142857142857143
81026,40,33,73,0.4520547945205479
81027,45,23,68,0.3382352941176471
81028,48,47,95,0.49473684210526314
81029,46,20,66,0.30303030303030304
81030,47,29,76,0.3815789473684211
81031,32,32,64,0.5
81032,34,30,64,0.46875
81033,141,92,233,0.3948497854077253
81034,128,98,226,0.4336283185840708
81035,130,119,249,0.4779116465863454
81036,65,61,126,0.48412698412698413
81037,64,69,133,0.518796992481203
81038,98,80,178,0.449438202247191
81039,51,39,90,0.43333333333333335
81040,112,55,167,0.32934131736526945
81041,114,98,212,0.46226415094339623
81042,23,25,48,0.5208333333333334
81043,90,67,157,0.4267515923566879
81044,55,30,85,0.35294117647058826
81045,21,14,35,0.4
81046,36,18,54,0.3333333333333333
81047,22,21,43,0.4883720930232558
81048,81,100,181,0.5524861878453039
81049,96,67,163,0.4110429447852761
81050,74,98,172,0.5697674418604651
81051,73,84,157,0.535031847133758
81052,38,36,74,0.4864864864864865
81053,38,29,67,0.43283582089552236
81054,87,115,202,0.5693069306930693
81055,109,92,201,0.4577114427860697
81056,102,91,193,0.47150259067357514
81057,64,56,120,0.4666666666666667
81058,75,67,142,0.47183098591549294
81059,70,69,139,0.49640287769784175
81060,79,79,158,0.5
81061,70,33,103,0.32038834951456313
81062,119,97,216,0.44907407407407407
81063,91,70,161,0.43478260869565216
81064,185,157,342,0.4590643274853801
81065,100,99,199,0.49748743718592964
81066,41,59,100,0.59
81067,81,79,160,0.49375
81068,118,102,220,0.4636363636363636
81069,170,112,282,0.3971631205673759
81070,46,35,81,0.43209876543209874
81071,120,73,193,0.37823834196891193
81072,167,108,275,0.3927272727272727
81073,182,112,294,0.38095238095238093
81074,118,98,216,0.4537037037037037
81075,100,112,212,0.5283018867924528
81076,142,82,224,0.36607142857142855
81077,108,99,207,0.4782608695652174
81078,177,157,334,0.47005988023952094
81079,180,94,274,0.34306569343065696
81080,135,157,292,0.5376712328767124
81081,103,105,208,0.5048076923076923
81082,112,92,204,0.45098039215686275
81083,135,75,210,0.35714285714285715
81084,169,148,317,0.4668769716088328
81085,67,48,115,0.41739130434782606
81086,141,108,249,0.43373493975903615
81087,86,82,168,0.4880952380952381
81088,114,59,173,0.34104046242774566
81089,121,85,206,0.41262135922330095
81090,98,111,209,0.5311004784688995
81091,133,44,177,0.24858757062146894
81092,44,26,70,0.37142857142857144
81093,91,61,152,0.40131578947368424
81094,55,36,91,0.3956043956043956
81095,28,32,60,0.5333333333333333
81096,69,40,109,0.3669724770642202
81097,105,60,165,0.36363636363636365
81098,69,79,148,0.5337837837837838
81099,93,71,164,0.4329268292682927
81100,63,49,112,0.4375
81107,16,16,32,0.5
82001,81,26,107,0.24299065420560748
82002,64,25,89,0.2808988764044944
82003,47,23,70,0.32857142857142857
82004,76,24,100,0.24
82005,97,51,148,0.34459459459459457
82006,68,27,95,0.28421052631578947
82007,81,31,112,0.2767857142857143
82008,96,70,166,0.42168674698795183
82009,89,50,139,0.3597122302158273
82010,89,85,174,0.4885057471264368
82011,71,41,112,0.36607142857142855
82012,49,34,83,0.40963855421686746
82013,81,52,133,0.39097744360902253
82014,25,27,52,0.5192307692307693
82015,117,70,187,0.37433155080213903
82016,77,60,137,0.43795620437956206
82017,78,42,120,0.35
82018,49,28,77,0.36363636363636365
82019,44,25,69,0.36231884057971014
82020,44,22,66,0.3333333333333333
82021,27,26,53,0.49056603773584906
82022,78,53,131,0.40458015267175573
82023,68,42,110,0.38181818181818183
82024,80,53,133,0.39849624060150374
82025,64,33,97,0.3402061855670103
82027,45,45,90,0.5
82028,78,40,118,0.3389830508474576
82029,18,12,30,0.4
82030,83,55,138,0.39855072463768115
82031,116,74,190,0.3894736842105263
82032,72,37,109,0.3394495412844037
82033,56,36,92,0.391304347826087
82034,52,29,81,0.35802469135802467
82035,81,48,129,0.37209302325581395
82036,90,47,137,0.34306569343065696
82037,110,53,163,0.32515337423312884
82038,111,75,186,0.4032258064516129
82039,67,33,100,0.33
82040,46,25,71,0.352112676056338
82041,76,28,104,0.2692307692307692
82042,32,15,47,0.3191489361702128
82043,35,20,55,0.36363636363636365
82044,51,22,73,0.3013698630136986
82045,48,20,68,0.29411764705882354
82046,64,24,88,0.2727272727272727
82047,49,23,72,0.3194444444444444
82048,56,26,82,0.3170731707317073
82049,71,28,99,0.2828282828282828
82050,76,42,118,0.3559322033898305
82051,84,42,126,0.3333333333333333
82052,88,45,133,0.3383458646616541
82053,66,37,103,0.3592233009708738
82054,14,2,16,0.125
82055,51,27,78,0.34615384615384615
82056,54,35,89,0.39325842696629215
82057,51,32,83,0.3855421686746988
82058,72,26,98,0.2653061224489796
82059,8,7,15,0.4666666666666667
82060,92,47,139,0.3381294964028777
82061,118,73,191,0.38219895287958117
82062,89,43,132,0.32575757575757575
82063,65,43,108,0.39814814814814814
82064,83,79,162,0.4876543209876543
82065,120,62,182,0.34065934065934067
82066,102,60,162,0.37037037037037035
82067,157,88,245,0.35918367346938773
82068,105,74,179,0.4134078212290503
82069,98,87,185,0.4702702702702703
82070,85,78,163,0.4785276073619632
82071,117,89,206,0.4320388349514563
82072,119,97,216,0.44907407407407407
82073,117,78,195,0.4
82074,115,66,181,0.36464088397790057
82075,106,81,187,0.43315508021390375
82076,102,74,176,0.42045454545454547
82077,139,79,218,0.3623853211009174
82078,133,97,230,0.4217391304347826
82079,142,89,231,0.3852813852813853
82080,101,66,167,0.39520958083832336
82081,77,81,158,0.5126582278481012
82082,77,57,134,0.4253731343283582
82083,26,18,44,0.4090909090909091
82084,149,100,249,0.40160642570281124
82085,123,71,194,0.36597938144329895
82086,92,65,157,0.4140127388535032
82087,103,75,178,0.42134831460674155
82088,105,76,181,0.4198895027624309
82089,94,83,177,0.4689265536723164
82090,106,67,173,0.3872832369942196
82091,62,44,106,0.41509433962264153
82092,120,118,238,0.4957983193277311
82093,86,64,150,0.4266666666666667
82094,88,83,171,0.4853801169590643
82095,148,107,255,0.4196078431372549
82096,107,56,163,0.34355828220858897
82097,141,83,224,0.3705357142857143
82098,160,98,258,0.3798449612403101
82099,121,68,189,0.35978835978835977
82100,135,79,214,0.3691588785046729
82101,103,77,180,0.42777777777777776
82102,97,70,167,0.41916167664670656
82103,84,67,151,0.44370860927152317
82104,135,96,231,0.4155844155844156
82105,124,74,198,0.37373737373737376
82106,0,1,1,1.0
82107,31,14,45,0.3111111111111111
82108,0,0,0,0
82109,58,43,101,0.42574257425742573
82115,0,0,0,0
82119,38,26,64,0.40625
83001,109,79,188,0.42021276595744683
83002,57,49,106,0.46226415094339623
83003,103,53,156,0.33974358974358976
83004,48,26,74,0.35135135135135137
83005,30,14,44,0.3181818181818182
83006,106,86,192,0.4479166666666667
83007,117,93,210,0.44285714285714284
83008,112,86,198,0.43434343434343436
83009,119,79,198,0.398989898989899
83010,182,78,260,0.3
83011,137,84,221,0.38009049773755654
83013,138,63,201,0.31343283582089554
83014,187,135,322,0.4192546583850932
83015,113,65,178,0.3651685393258427
83016,144,81,225,0.36
83017,133,86,219,0.3926940639269406
83018,128,77,205,0.375609756097561
83019,91,60,151,0.3973509933774834
83020,91,73,164,0.4451219512195122
83021,105,62,167,0.3712574850299401
83022,76,64,140,0.45714285714285713
83023,71,51,122,0.4180327868852459
83024,44,34,78,0.4358974358974359
83025,84,66,150,0.44
83026,63,33,96,0.34375
83027,120,90,210,0.42857142857142855
83028,65,46,111,0.4144144144144144
83029,95,52,147,0.35374149659863946
83030,73,76,149,0.5100671140939598
83031,142,80,222,0.36036036036036034
83032,107,65,172,0.37790697674418605
83033,150,108,258,0.4186046511627907
83034,139,58,197,0.29441624365482233
83035,98,70,168,0.4166666666666667
83036,62,41,103,0.39805825242718446
83037,87,41,128,0.3203125
83038,96,69,165,0.41818181818181815
83039,86,53,139,0.381294964028777
83040,93,86,179,0.48044692737430167
83041,91,75,166,0.45180722891566266
83042,89,54,143,0.3776223776223776
83043,97,65,162,0.4012345679012346
83044,108,76,184,0.41304347826086957
83045,100,75,175,0.42857142857142855
83046,114,79,193,0.40932642487046633
83047,69,53,122,0.4344262295081967
83048,90,50,140,0.35714285714285715
83049,71,63,134,0.4701492537313433
83050,97,65,162,0.4012345679012346
83051,111,76,187,0.40641711229946526
83052,131,72,203,0.35467980295566504
83053,97,60,157,0.3821656050955414
83054,71,38,109,0.3486238532110092
83055,102,53,155,0.3419354838709677
83056,141,73,214,0.3411214953271028
83057,168,90,258,0.3488372093023256
83058,46,34,80,0.425
83059,61,46,107,0.42990654205607476
83060,24,14,38,0.3684210526315789
83061,65,60,125,0.48
83062,47,17,64,0.265625
83063,39,30,69,0.43478260869565216
83064,98,77,175,0.44
83065,61,29,90,0.32222222222222224
83066,149,78,227,0.3436123348017621
83067,62,52,114,0.45614035087719296
83068,0,0,0,0
83069,139,95,234,0.405982905982906
83070,136,89,225,0.39555555555555555
83071,144,83,227,0.3656387665198238
83072,109,48,157,0.3057324840764331
83073,140,92,232,0.39655172413793105
83074,102,88,190,0.4631578947368421
83075,153,101,254,0.39763779527559057
83076,142,84,226,0.37168141592920356
83077,131,64,195,0.3282051282051282
83078,86,75,161,0.4658385093167702
83079,164,93,257,0.36186770428015563
83080,119,75,194,0.3865979381443299
83081,153,84,237,0.35443037974683544
83082,161,101,262,0.38549618320610685
83083,116,49,165,0.296969696969697
83084,16,8,24,0.3333333333333333
83085,49,28,77,0.36363636363636365
83086,62,50,112,0.44642857142857145
83088,81,48,129,0.37209302325581395
83089,56,65,121,0.5371900826446281
84001,55,39,94,0.4148936170212766
84002,61,42,103,0.4077669902912621
84003,64,38,102,0.37254901960784315
84004,77,47,124,0.3790322580645161
84005,21,20,41,0.4878048780487805
84006,60,36,96,0.375
84007,62,56,118,0.4745762711864407
84008,46,31,77,0.4025974025974026
84009,58,38,96,0.3958333333333333
84010,83,51,134,0.3805970149253731
84011,62,68,130,0.5230769230769231
84012,43,42,85,0.49411764705882355
84013,57,52,109,0.47706422018348627
84014,57,72,129,0.5581395348837209
84015,48,37,85,0.43529411764705883
84016,72,67,139,0.48201438848920863
84017,20,31,51,0.6078431372549019
84018,20,21,41,0.5121951219512195
84019,120,74,194,0.38144329896907214
84020,57,69,126,0.5476190476190477
84021,16,5,21,0.23809523809523808
84022,7,13,20,0.65
84023,96,58,154,0.37662337662337664
84024,61,51,112,0.45535714285714285
84025,74,60,134,0.44776119402985076
84026,43,38,81,0.4691358024691358
84027,51,42,93,0.45161290322580644
84028,80,67,147,0.4557823129251701
84029,41,29,70,0.4142857142857143
84030,50,22,72,0.3055555555555556
84031,29,27,56,0.48214285714285715
84032,25,17,42,0.40476190476190477
84033,35,30,65,0.46153846153846156
84034,86,70,156,0.44871794871794873
84035,45,59,104,0.5673076923076923
84036,24,16,40,0.4
84037,76,46,122,0.3770491803278688
84038,70,48,118,0.4067796610169492
84039,88,77,165,0.4666666666666667
84040,80,60,140,0.42857142857142855
84041,78,51,129,0.3953488372093023
84042,74,56,130,0.4307692307692308
84043,70,52,122,0.4262295081967213
84044,51,45,96,0.46875
84045,34,39,73,0.5342465753424658
84046,52,45,97,0.4639175257731959
84047,20,18,38,0.47368421052631576
84048,66,69,135,0.5111111111111111
84049,22,22,44,0.5
84050,70,51,121,0.4214876033057851
84051,55,44,99,0.4444444444444444
84052,38,19,57,0.3333333333333333
84053,0,0,0,0
84054,85,42,127,0.33070866141732286
84055,74,43,117,0.36752136752136755
84056,68,48,116,0.41379310344827586
84057,75,45,120,0.375
84058,81,45,126,0.35714285714285715
84059,77,40,117,0.3418803418803419
84060,39,37,76,0.4868421052631579
84061,74,53,127,0.41732283464566927
84062,65,44,109,0.4036697247706422
84063,61,43,104,0.41346153846153844
84064,72,40,112,0.35714285714285715
84065,44,35,79,0.4430379746835443
84066,51,54,105,0.5142857142857142
84067,58,42,100,0.42
84068,36,40,76,0.5263157894736842
84069,22,18,40,0.45
84070,21,27,48,0.5625
84071,77,44,121,0.36363636363636365
84072,79,62,141,0.4397163120567376
84073,18,17,35,0.4857142857142857
84074,73,39,112,0.3482142857142857
84075,65,35,100,0.35
84076,7,7,14,0.5
84077,73,44,117,0.37606837606837606
84078,17,9,26,0.34615384615384615
84079,1,0,1,0.0
84080,82,87,169,0.514792899408284
84082,66,58,124,0.46774193548387094
84083,64,51,115,0.4434782608695652
84084,18,27,45,0.6
84085,60,22,82,0.2682926829268293
85001,131,107,238,0.4495798319327731
85002,113,74,187,0.39572192513368987
85003,103,65,168,0.3869047619047619
85004,80,34,114,0.2982456140350877
85005,79,64,143,0.44755244755244755
85006,52,33,85,0.38823529411764707
85007,63,46,109,0.42201834862385323
85008,90,51,141,0.3617021276595745
85009,78,49,127,0.3858267716535433
85010,86,56,142,0.39436619718309857
85011,75,48,123,0.3902439024390244
85012,93,54,147,0.3673469387755102
85013,98,71,169,0.42011834319526625
85014,60,34,94,0.3617021276595745
85015,89,51,140,0.36428571428571427
85016,54,32,86,0.37209302325581395
85017,95,43,138,0.3115942028985507
85018,7,2,9,0.2222222222222222
85019,135,63,198,0.3181818181818182
85020,103,75,178,0.42134831460674155
85021,111,56,167,0.33532934131736525
85022,57,32,89,0.3595505617977528
85023,61,38,99,0.3838383838383838
85024,157,104,261,0.39846743295019155
85025,71,61,132,0.4621212121212121
85026,82,69,151,0.45695364238410596
85027,114,50,164,0.3048780487804878
85028,11,4,15,0.26666666666666666
85029,86,35,121,0.2892561983471074
85030,97,63,160,0.39375
85031,78,47,125,0.376
85032,39,22,61,0.36065573770491804
85033,105,60,165,0.36363636363636365
85034,52,27,79,0.34177215189873417
85036,57,65,122,0.5327868852459017
85037,70,50,120,0.4166666666666667
85038,40,31,71,0.43661971830985913
85039,85,74,159,0.46540880503144655
85040,30,30,60,0.5
85041,54,31,85,0.36470588235294116
85042,81,60,141,0.425531914893617
85043,74,38,112,0.3392857142857143
85044,80,32,112,0.2857142857142857
85045,88,32,120,0.26666666666666666
85046,60,36,96,0.375
85047,62,41,103,0.39805825242718446
85048,88,49,137,0.35766423357664234
85049,76,53,129,0.4108527131782946
85050,114,59,173,0.34104046242774566
85051,97,61,158,0.3860759493670886
85052,72,43,115,0.3739130434782609
85053,88,59,147,0.4013605442176871
85054,83,60,143,0.4195804195804196
85055,101,47,148,0.31756756756756754
85056,36,14,50,0.28
85057,39,33,72,0.4583333333333333
85058,80,50,130,0.38461538461538464
85059,72,40,112,0.35714285714285715
85060,48,43,91,0.4725274725274725
85061,43,20,63,0.31746031746031744
85062,77,43,120,0.35833333333333334
85063,68,35,103,0.33980582524271846
85064,57,48,105,0.45714285714285713
85065,67,51,118,0.4322033898305085
85066,63,40,103,0.3883495145631068
85067,56,48,104,0.46153846153846156
85068,132,83,215,0.386046511627907
85069,86,57,143,0.3986013986013986
85070,69,37,106,0.3490566037735849
85071,0,0,0,0
85080,30,20,50,0.4
85081,72,51,123,0.4146341463414634
85082,40,60,100,0.6
85083,66,31,97,0.31958762886597936
85084,77,40,117,0.3418803418803419
85085,55,23,78,0.2948717948717949
86001,73,31,104,0.2980769230769231
86002,93,53,146,0.363013698630137
86003,77,36,113,0.3185840707964602
86004,38,21,59,0.3559322033898305
86005,54,43,97,0.44329896907216493
86006,48,38,86,0.4418604651162791
86007,64,35,99,0.35353535353535354
86008,79,45,124,0.3629032258064516
86009,93,41,134,0.30597014925373134
86010,57,35,92,0.3804347826086957
86011,84,54,138,0.391304347826087
86012,80,51,131,0.3893129770992366
86013,81,41,122,0.3360655737704918
86014,62,44,106,0.41509433962264153
86015,98,41,139,0.2949640287769784
86016,70,47,117,0.4017094017094017
86017,72,46,118,0.3898305084745763
86018,75,54,129,0.4186046511627907
86019,63,50,113,0.4424778761061947
86020,121,83,204,0.4068627450980392
86021,11,7,18,0.3888888888888889
86022,71,39,110,0.35454545454545455
86023,66,36,102,0.35294117647058826
86024,39,21,60,0.35
86025,53,49,102,0.4803921568627451
86026,64,53,117,0.452991452991453
86027,77,36,113,0.3185840707964602
86028,66,46,112,0.4107142857142857
86029,74,50,124,0.4032258064516129
86030,64,44,108,0.4074074074074074
86031,68,36,104,0.34615384615384615
86032,89,45,134,0.3358208955223881
86033,92,65,157,0.4140127388535032
86034,84,85,169,0.5029585798816568
86035,48,50,98,0.5102040816326531
86036,76,59,135,0.43703703703703706
86037,44,30,74,0.40540540540540543
86038,61,40,101,0.39603960396039606
86039,48,31,79,0.3924050632911392
86040,72,72,144,0.5
86041,51,33,84,0.39285714285714285
86042,3,0,3,0.0
86043,6,6,12,0.5
86044,22,16,38,0.42105263157894735
86045,79,54,133,0.40601503759398494
86046,67,32,99,0.32323232323232326
86047,82,60,142,0.4225352112676056
86048,61,35,96,0.3645833333333333
86049,51,16,67,0.23880597014925373
86050,98,43,141,0.3049645390070922
86051,63,36,99,0.36363636363636365
86052,77,42,119,0.35294117647058826
86053,65,40,105,0.38095238095238093
86054,32,17,49,0.3469387755102041
86055,70,57,127,0.44881889763779526
86056,73,30,103,0.2912621359223301
86057,79,49,128,0.3828125
86058,67,45,112,0.4017857142857143
86059,107,60,167,0.3592814371257485
86060,4,3,7,0.42857142857142855
86061,63,26,89,0.29213483146067415
86062,56,37,93,0.3978494623655914
86063,87,62,149,0.4161073825503356
86064,76,62,138,0.4492753623188406
86065,47,13,60,0.21666666666666667
86066,67,53,120,0.44166666666666665
86067,66,47,113,0.415929203539823
86068,37,23,60,0.38333333333333336
86069,68,61,129,0.4728682170542636
86070,38,49,87,0.5632183908045977
86071,57,51,108,0.4722222222222222
86072,40,15,55,0.2727272727272727
87001,7,9,16,0.5625
87002,43,32,75,0.4266666666666667
87003,29,14,43,0.32558139534883723
87004,53,35,88,0.3977272727272727
87005,36,27,63,0.42857142857142855
87006,70,35,105,0.3333333333333333
87007,44,27,71,0.38028169014084506
87008,53,26,79,0.3291139240506329
87009,72,37,109,0.3394495412844037
87010,67,41,108,0.37962962962962965
87011,80,52,132,0.3939393939393939
87013,22,15,37,0.40540540540540543
87014,17,19,36,0.5277777777777778
87015,25,11,36,0.3055555555555556
87016,23,11,34,0.3235294117647059
87017,20,11,31,0.3548387096774194
87018,68,35,103,0.33980582524271846
87019,47,35,82,0.4268292682926829
87020,57,46,103,0.44660194174757284
87021,17,11,28,0.39285714285714285
87022,52,39,91,0.42857142857142855
87023,39,26,65,0.4
87024,46,30,76,0.39473684210526316
87025,36,16,52,0.3076923076923077
87026,76,51,127,0.4015748031496063
87027,46,28,74,0.3783783783783784
87028,88,64,152,0.42105263157894735
87029,68,31,99,0.31313131313131315
87030,32,17,49,0.3469387755102041
87031,46,24,70,0.34285714285714286
87032,67,34,101,0.33663366336633666
87033,58,36,94,0.3829787234042553
87034,63,37,100,0.37
87035,68,32,100,0.32
87036,59,35,94,0.3723404255319149
87037,63,62,125,0.496
87038,49,20,69,0.2898550724637681
87039,97,46,143,0.32167832167832167
87040,97,56,153,0.3660130718954248
87041,71,39,110,0.35454545454545455
87042,100,82,182,0.45054945054945056
87044,26,10,36,0.2777777777777778
87045,10,6,16,0.375
87046,52,45,97,0.4639175257731959
87047,111,101,212,0.47641509433962265
87048,130,84,214,0.3925233644859813
87049,120,70,190,0.3684210526315789
87050,109,82,191,0.4293193717277487
87051,82,55,137,0.40145985401459855
87052,115,71,186,0.3817204301075269
87053,114,60,174,0.3448275862068966
87054,91,65,156,0.4166666666666667
87055,117,80,197,0.40609137055837563
87056,129,87,216,0.4027777777777778
87057,118,89,207,0.42995169082125606
87058,125,76,201,0.3781094527363184
87059,113,52,165,0.3151515151515151
87060,147,104,251,0.41434262948207173
87061,135,84,219,0.3835616438356164
87062,78,54,132,0.4090909090909091
87063,3,8,11,0.7272727272727273
87065,51,40,91,0.43956043956043955
87066,86,64,150,0.4266666666666667
87067,48,46,94,0.48936170212765956
87068,84,76,160,0.475
87069,84,46,130,0.35384615384615387
87070,29,20,49,0.40816326530612246
87071,41,15,56,0.26785714285714285
87072,53,24,77,0.3116883116883117
87073,19,6,25,0.24
87074,88,55,143,0.38461538461538464
87075,74,52,126,0.4126984126984127
87076,68,32,100,0.32
87077,95,73,168,0.43452380952380953
87078,107,60,167,0.3592814371257485
87079,29,11,40,0.275
87080,70,42,112,0.375
87081,80,42,122,0.3442622950819672
87082,48,32,80,0.4
87083,1,3,4,0.75
87084,48,46,94,0.48936170212765956
87085,114,74,188,0.39361702127659576
87086,85,53,138,0.38405797101449274
87087,170,120,290,0.41379310344827586
87088,38,21,59,0.3559322033898305
87089,52,26,78,0.3333333333333333
87096,31,16,47,0.3404255319148936
87097,48,28,76,0.3684210526315789
87098,70,57,127,0.44881889763779526
87099,50,54,104,0.5192307692307693
87100,60,53,113,0.4690265486725664
87101,75,47,122,0.38524590163934425
87102,50,29,79,0.3670886075949367
41001,39,35,74,0.47297297297297297
41002,58,42,100,0.42
41003,70,37,107,0.34579439252336447
41004,47,32,79,0.4050632911392405
41005,49,27,76,0.35526315789473684
41006,59,30,89,0.33707865168539325
41007,54,45,99,0.45454545454545453
41008,48,26,74,0.35135135135135137
41009,41,22,63,0.3492063492063492
41010,32,13,45,0.28888888888888886
41011,22,19,41,0.4634146341463415
41012,18,17,35,0.4857142857142857
41014,12,6,18,0.3333333333333333
41015,15,12,27,0.4444444444444444
41016,35,25,60,0.4166666666666667
41017,52,33,85,0.38823529411764707
41018,34,30,64,0.46875
41019,3,6,9,0.6666666666666666
41020,43,55,98,0.5612244897959183
41021,41,85,126,0.6746031746031746
41022,19,12,31,0.3870967741935484
41023,9,23,32,0.71875
41024,10,14,24,0.5833333333333334
41025,8,14,22,0.6363636363636364
41026,13,21,34,0.6176470588235294
41027,49,60,109,0.5504587155963303
41028,58,152,210,0.7238095238095238
41029,1,2,3,0.6666666666666666
41030,36,135,171,0.7894736842105263
41031,55,132,187,0.7058823529411765
41032,27,120,147,0.8163265306122449
41033,50,158,208,0.7596153846153846
41034,68,131,199,0.6582914572864321
41035,46,21,67,0.31343283582089554
41036,52,17,69,0.2463768115942029
41037,112,144,256,0.5625
41038,129,190,319,0.5956112852664577
41039,95,209,304,0.6875
41040,73,141,214,0.6588785046728972
41041,74,164,238,0.6890756302521008
41042,13,8,21,0.38095238095238093
41043,53,110,163,0.6748466257668712
41044,19,17,36,0.4722222222222222
41045,69,146,215,0.6790697674418604
41046,86,47,133,0.3533834586466165
41047,64,142,206,0.6893203883495146
41048,45,100,145,0.6896551724137931
41049,124,158,282,0.5602836879432624
41050,64,62,126,0.49206349206349204
41051,25,26,51,0.5098039215686274
41052,27,40,67,0.5970149253731343
41053,36,69,105,0.6571428571428571
41054,54,108,162,0.6666666666666666
41055,67,185,252,0.7341269841269841
41056,29,32,61,0.5245901639344263
41057,39,21,60,0.35
41058,51,22,73,0.3013698630136986
41059,59,34,93,0.3655913978494624
41060,52,53,105,0.5047619047619047
41061,29,18,47,0.3829787234042553
41062,62,36,98,0.3673469387755102
41063,106,54,160,0.3375
41064,76,45,121,0.371900826446281
41065,23,14,37,0.3783783783783784
41066,44,49,93,0.5268817204301075
41067,41,50,91,0.5494505494505495
41068,45,51,96,0.53125
41069,50,64,114,0.5614035087719298
41070,61,25,86,0.29069767441860467
41071,45,25,70,0.35714285714285715
41072,54,19,73,0.2602739726027397
41073,78,30,108,0.2777777777777778
41074,87,36,123,0.2926829268292683
41075,54,30,84,0.35714285714285715
41076,43,26,69,0.37681159420289856
41077,49,36,85,0.4235294117647059
41078,36,24,60,0.4
41079,43,40,83,0.4819277108433735
41080,5,0,5,0.0
41081,34,16,50,0.32
41082,35,16,51,0.3137254901960784
41083,11,14,25,0.56
41084,61,28,89,0.3146067415730337
41085,54,26,80,0.325
41086,53,26,79,0.3291139240506329
41087,46,23,69,0.3333333333333333
41088,30,15,45,0.3333333333333333
41089,28,16,44,0.36363636363636365
41090,19,9,28,0.32142857142857145
41091,23,56,79,0.7088607594936709
41092,20,7,27,0.25925925925925924
41094,35,23,58,0.39655172413793105
41095,40,45,85,0.5294117647058824
41096,53,129,182,0.7087912087912088
41097,53,149,202,0.7376237623762376
41098,32,72,104,0.6923076923076923
41099,0,0,0,0
42001,7,20,27,0.7407407407407407
42002,61,136,197,0.6903553299492385
42003,54,158,212,0.7452830188679245
42004,80,147,227,0.6475770925110133
42005,55,138,193,0.7150259067357513
42006,68,194,262,0.7404580152671756
42007,76,208,284,0.7323943661971831
42008,99,198,297,0.6666666666666666
42009,86,153,239,0.6401673640167364
42010,93,167,260,0.6423076923076924
42011,87,143,230,0.6217391304347826
42012,54,125,179,0.6983240223463687
42013,83,123,206,0.5970873786407767
42014,52,125,177,0.7062146892655368
42015,86,170,256,0.6640625
42016,72,124,196,0.6326530612244898
42017,46,83,129,0.6434108527131783
42018,71,211,282,0.74822695035461
42019,67,108,175,0.6171428571428571
42020,70,153,223,0.6860986547085202
42021,59,151,210,0.719047619047619
42022,86,162,248,0.6532258064516129
42023,42,102,144,0.7083333333333334
42024,58,114,172,0.6627906976744186
42025,57,192,249,0.7710843373493976
42026,45,114,159,0.7169811320754716
42027,40,101,141,0.7163120567375887
42028,71,133,204,0.6519607843137255
42029,52,127,179,0.7094972067039106
42030,74,195,269,0.724907063197026
42031,50,110,160,0.6875
42032,16,53,69,0.7681159420289855
42034,59,157,216,0.7268518518518519
42035,57,207,264,0.7840909090909091
42036,83,138,221,0.6244343891402715
42037,23,101,124,0.8145161290322581
42038,49,53,102,0.5196078431372549
42039,84,177,261,0.6781609195402298
42040,75,192,267,0.7191011235955056
42041,99,179,278,0.6438848920863309
42042,56,183,239,0.7656903765690377
42043,32,163,195,0.8358974358974359
42044,26,130,156,0.8333333333333334
42045,60,157,217,0.7235023041474654
42046,54,177,231,0.7662337662337663
42047,59,136,195,0.6974358974358974
42048,58,196,254,0.7716535433070866
42049,68,193,261,0.7394636015325671
42050,50,153,203,0.7536945812807881
42051,46,93,139,0.6690647482014388
42052,70,152,222,0.6846846846846847
42053,45,138,183,0.7540983606557377
42054,68,182,250,0.728
42055,42,195,237,0.8227848101265823
42056,68,172,240,0.7166666666666667
42057,76,182,258,0.7054263565891473
42058,69,109,178,0.6123595505617978
42059,20,23,43,0.5348837209302325
42060,12,7,19,0.3684210526315789
42061,62,60,122,0.4918032786885246
42062,37,51,88,0.5795454545454546
42063,67,81,148,0.5472972972972973
42064,64,75,139,0.539568345323741
42065,50,45,95,0.47368421052631576
42066,44,25,69,0.36231884057971014
42067,37,31,68,0.45588235294117646
42068,60,80,140,0.5714285714285714
42069,12,12,24,0.5
42070,67,124,191,0.6492146596858639
42071,60,156,216,0.7222222222222222
42072,88,198,286,0.6923076923076923
42073,44,215,259,0.8301158301158301
42074,57,143,200,0.715
42075,56,193,249,0.7751004016064257
42076,44,107,151,0.7086092715231788
42077,80,130,210,0.6190476190476191
42078,50,164,214,0.7663551401869159
42079,71,151,222,0.6801801801801802
42080,56,132,188,0.7021276595744681
42081,59,94,153,0.6143790849673203
42082,21,69,90,0.7666666666666667
43001,68,236,304,0.7763157894736842
43002,39,181,220,0.8227272727272728
43003,76,203,279,0.7275985663082437
43004,59,183,242,0.756198347107438
43005,67,148,215,0.6883720930232559
43006,71,225,296,0.7601351351351351
43007,74,187,261,0.7164750957854407
43008,59,135,194,0.6958762886597938
43009,59,103,162,0.6358024691358025
43010,54,66,120,0.55
43011,87,145,232,0.625
43012,83,188,271,0.6937269372693727
43013,62,93,155,0.6
43014,72,235,307,0.7654723127035831
43015,69,153,222,0.6891891891891891
43016,92,156,248,0.6290322580645161
43017,93,152,245,0.6204081632653061
43018,85,230,315,0.7301587301587301
43019,67,170,237,0.7172995780590717
43020,98,212,310,0.6838709677419355
43021,113,240,353,0.6798866855524079
43022,66,158,224,0.7053571428571429
43023,85,198,283,0.6996466431095406
43024,70,195,265,0.7358490566037735
43025,60,147,207,0.7101449275362319
43026,97,214,311,0.6881028938906752
43027,106,219,325,0.6738461538461539
43028,127,163,290,0.5620689655172414
43029,82,97,179,0.5418994413407822
43030,94,151,245,0.6163265306122448
43031,161,238,399,0.5964912280701754
43032,86,132,218,0.6055045871559633
43033,141,224,365,0.6136986301369863
43034,60,99,159,0.6226415094339622
43035,99,187,286,0.6538461538461539
43036,91,173,264,0.6553030303030303
43037,85,205,290,0.7068965517241379
43038,128,208,336,0.6190476190476191
43039,109,182,291,0.6254295532646048
43040,51,59,110,0.5363636363636364
43041,52,197,249,0.7911646586345381
43042,67,207,274,0.7554744525547445
43043,84,186,270,0.6888888888888889
43044,64,165,229,0.7205240174672489
43045,83,227,310,0.7322580645161291
43046,84,200,284,0.704225352112676
43047,37,152,189,0.8042328042328042
43048,54,126,180,0.7
43049,87,154,241,0.6390041493775933
43050,88,226,314,0.7197452229299363
43051,143,214,357,0.5994397759103641
43052,126,141,267,0.5280898876404494
43053,98,134,232,0.5775862068965517
43054,100,143,243,0.588477366255144
43055,77,144,221,0.6515837104072398
43056,64,64,128,0.5
43057,65,40,105,0.38095238095238093
43058,58,75,133,0.5639097744360902
43059,69,96,165,0.5818181818181818
43060,53,68,121,0.5619834710743802
43061,86,120,206,0.5825242718446602
43062,74,74,148,0.5
43063,37,56,93,0.6021505376344086
43064,49,103,152,0.6776315789473685
43065,87,93,180,0.5166666666666667
43066,142,147,289,0.5086505190311419
43067,123,164,287,0.5714285714285714
43068,95,113,208,0.5432692307692307
43069,81,92,173,0.5317919075144508
43070,10,10,20,0.5
43071,103,158,261,0.6053639846743295
43072,62,153,215,0.7116279069767442
43073,86,293,379,0.7730870712401056
43074,59,167,226,0.7389380530973452
43075,132,207,339,0.6106194690265486
43076,77,102,179,0.5698324022346368
43077,49,85,134,0.6343283582089553
43078,77,130,207,0.6280193236714976
43079,58,62,120,0.5166666666666667
43080,40,164,204,0.803921568627451
43081,44,159,203,0.7832512315270936
43082,74,168,242,0.6942148760330579
43083,49,102,151,0.6754966887417219
43084,46,33,79,0.4177215189873418
43085,65,61,126,0.48412698412698413
43086,23,103,126,0.8174603174603174
43087,70,213,283,0.7526501766784452
44001,77,61,138,0.4420289855072464
44002,67,16,83,0.1927710843373494
44003,129,36,165,0.21818181818181817
44004,84,32,116,0.27586206896551724
44005,28,65,93,0.6989247311827957
44006,73,97,170,0.5705882352941176
44007,66,124,190,0.6526315789473685
44008,41,115,156,0.7371794871794872
44009,85,131,216,0.6064814814814815
44010,72,116,188,0.6170212765957447
44011,34,24,58,0.41379310344827586
44012,10,31,41,0.7560975609756098
44013,50,16,66,0.24242424242424243
44014,49,99,148,0.668918918918919
44015,66,143,209,0.6842105263157895
44016,47,97,144,0.6736111111111112
44017,58,99,157,0.6305732484076433
44018,83,169,252,0.6706349206349206
44019,75,97,172,0.563953488372093
44020,61,88,149,0.5906040268456376
44021,22,2,24,0.08333333333333333
44022,3,3,6,0.5
44023,57,40,97,0.41237113402061853
44024,49,28,77,0.36363636363636365
44025,93,83,176,0.4715909090909091
44026,72,86,158,0.5443037974683544
44027,58,69,127,0.5433070866141733
44028,39,68,107,0.6355140186915887
44029,45,64,109,0.5871559633027523
44030,58,66,124,0.532258064516129
44031,79,233,312,0.7467948717948718
44032,13,40,53,0.7547169811320755
44033,81,219,300,0.73
44034,40,114,154,0.7402597402597403
44035,64,196,260,0.7538461538461538
44036,64,231,295,0.7830508474576271
44037,24,77,101,0.7623762376237624
44038,82,256,338,0.757396449704142
44039,43,127,170,0.7470588235294118
44040,22,24,46,0.5217391304347826
44041,28,25,53,0.4716981132075472
44042,42,134,176,0.7613636363636364
44043,87,110,197,0.5583756345177665
44044,33,76,109,0.6972477064220184
44045,39,131,170,0.7705882352941177
44046,26,116,142,0.8169014084507042
44047,11,31,42,0.7380952380952381
44048,56,135,191,0.7068062827225131
44049,76,170,246,0.6910569105691057
44050,87,222,309,0.7184466019417476
44051,107,265,372,0.7123655913978495
44052,117,286,403,0.7096774193548387
44053,72,242,314,0.7707006369426752
44054,90,237,327,0.7247706422018348
44055,61,257,318,0.8081761006289309
44056,65,188,253,0.7430830039525692
44057,97,289,386,0.7487046632124352
44058,78,221,299,0.7391304347826086
44059,68,263,331,0.7945619335347432
44060,95,186,281,0.6619217081850534
44061,46,137,183,0.7486338797814208
44062,60,152,212,0.7169811320754716
44063,51,225,276,0.8152173913043478
44064,26,93,119,0.7815126050420168
44065,73,215,288,0.7465277777777778
44066,69,210,279,0.7526881720430108
44067,85,41,126,0.3253968253968254
44068,71,283,354,0.7994350282485876
44069,52,180,232,0.7758620689655172
44070,68,198,266,0.7443609022556391
44071,67,248,315,0.7873015873015873
44072,79,260,339,0.7669616519174042
44073,78,305,383,0.7963446475195822
44074,104,285,389,0.7326478149100257
44075,83,277,360,0.7694444444444445
44076,85,273,358,0.7625698324022346
44077,74,270,344,0.7848837209302325
44078,101,361,462,0.7813852813852814
44079,86,232,318,0.7295597484276729
44080,65,223,288,0.7743055555555556
44081,48,58,106,0.5471698113207547
44082,46,132,178,0.7415730337078652
44083,91,240,331,0.7250755287009063
44084,34,143,177,0.807909604519774
44085,45,12,57,0.21052631578947367
44086,42,98,140,0.7
44087,52,96,148,0.6486486486486487
44088,54,125,179,0.6983240223463687
44089,39,143,182,0.7857142857142857
44090,57,112,169,0.6627218934911243
44091,0,0,0,0
44092,0,0,0,0
44093,0,0,0,0
45001,63,45,108,0.4166666666666667
45002,85,46,131,0.3511450381679389
45003,65,37,102,0.3627450980392157
45004,62,44,106,0.41509433962264153
45005,66,43,109,0.3944954128440367
45006,51,41,92,0.44565217391304346
45008,33,13,46,0.2826086956521739
45009,35,23,58,0.39655172413793105
45010,20,15,35,0.42857142857142855
45011,43,32,75,0.4266666666666667
45012,25,18,43,0.4186046511627907
45013,42,22,64,0.34375
45014,34,13,47,0.2765957446808511
45015,12,4,16,0.25
45016,39,24,63,0.38095238095238093
45017,19,9,28,0.32142857142857145
45018,10,5,15,0.3333333333333333
45019,35,16,51,0.3137254901960784
45020,30,2,32,0.0625
45021,28,12,40,0.3
45022,26,7,33,0.21212121212121213
45023,25,20,45,0.4444444444444444
45024,40,22,62,0.3548387096774194
45025,18,10,28,0.35714285714285715
45026,32,23,55,0.41818181818181815
45027,29,25,54,0.46296296296296297
45028,32,33,65,0.5076923076923077
45029,28,21,49,0.42857142857142855
45030,54,30,84,0.35714285714285715
45031,26,12,38,0.3157894736842105
45032,24,4,28,0.14285714285714285
45033,28,19,47,0.40425531914893614
45034,35,20,55,0.36363636363636365
45035,35,12,47,0.2553191489361702
45036,30,13,43,0.3023255813953488
45037,20,19,39,0.48717948717948717
45038,27,15,42,0.35714285714285715
45039,1,2,3,0.6666666666666666
45040,47,18,65,0.27692307692307694
45041,5,12,17,0.7058823529411765
45042,38,13,51,0.2549019607843137
45043,39,21,60,0.35
45044,23,21,44,0.4772727272727273
45045,37,41,78,0.5256410256410257
45046,36,62,98,0.6326530612244898
45047,4,6,10,0.6
45048,37,12,49,0.24489795918367346
45049,8,5,13,0.38461538461538464
45050,53,28,81,0.345679012345679
45051,44,10,54,0.18518518518518517
45052,7,3,10,0.3
45053,31,12,43,0.27906976744186046
45054,27,30,57,0.5263157894736842
45055,2,1,3,0.3333333333333333
45056,33,31,64,0.484375
45057,36,12,48,0.25
45058,35,30,65,0.46153846153846156
45059,32,24,56,0.42857142857142855
45060,20,37,57,0.6491228070175439
45061,14,19,33,0.5757575757575758
45062,39,38,77,0.4935064935064935
45063,28,12,40,0.3
45064,22,9,31,0.2903225806451613
45065,21,14,35,0.4
45066,47,20,67,0.29850746268656714
45067,22,7,29,0.2413793103448276
45068,27,19,46,0.41304347826086957
45069,33,19,52,0.36538461538461536
45070,36,18,54,0.3333333333333333
45071,26,22,48,0.4583333333333333
45072,35,13,48,0.2708333333333333
45073,24,21,45,0.4666666666666667
45074,22,8,30,0.26666666666666666
45075,50,34,84,0.40476190476190477
45076,20,10,30,0.3333333333333333
45077,29,2,31,0.06451612903225806
45078,40,27,67,0.40298507462686567
45079,0,0,0,0
45080,0,0,0,0
46001,36,18,54,0.3333333333333333
46002,50,31,81,0.38271604938271603
46003,43,28,71,0.39436619718309857
46004,54,91,145,0.6275862068965518
46005,79,71,150,0.47333333333333333
46006,40,53,93,0.5698924731182796
46007,35,57,92,0.6195652173913043
46008,74,84,158,0.5316455696202531
46009,52,56,108,0.5185185185185185
46010,70,60,130,0.46153846153846156
46011,64,36,100,0.36
46012,57,75,132,0.5681818181818182
46013,37,50,87,0.5747126436781609
46014,48,56,104,0.5384615384615384
46015,54,45,99,0.45454545454545453
46016,34,44,78,0.5641025641025641
46017,22,19,41,0.4634146341463415
46018,22,14,36,0.3888888888888889
46019,59,21,80,0.2625
46020,47,15,62,0.24193548387096775
46021,39,22,61,0.36065573770491804
46022,45,19,64,0.296875
46023,45,13,58,0.22413793103448276
46024,62,18,80,0.225
46025,65,17,82,0.2073170731707317
46026,65,27,92,0.29347826086956524
46027,50,29,79,0.3670886075949367
46028,52,24,76,0.3157894736842105
46029,55,27,82,0.32926829268292684
46030,54,22,76,0.2894736842105263
46031,74,76,150,0.5066666666666667
46032,30,51,81,0.6296296296296297
46033,65,71,136,0.5220588235294118
46034,42,49,91,0.5384615384615384
46035,22,24,46,0.5217391304347826
46036,53,29,82,0.35365853658536583
46037,0,0,0,0
46038,41,22,63,0.3492063492063492
46039,19,23,42,0.5476190476190477
46040,8,12,20,0.6
46041,95,76,171,0.4444444444444444
46042,40,22,62,0.3548387096774194
46043,25,16,41,0.3902439024390244
46044,24,21,45,0.4666666666666667
46045,33,27,60,0.45
46046,20,15,35,0.42857142857142855
46047,49,16,65,0.24615384615384617
46048,64,63,127,0.49606299212598426
46049,78,79,157,0.5031847133757962
46050,56,60,116,0.5172413793103449
46051,83,52,135,0.3851851851851852
46052,53,43,96,0.4479166666666667
46053,78,89,167,0.5329341317365269
46054,67,62,129,0.4806201550387597
46055,71,58,129,0.4496124031007752
46056,74,82,156,0.5256410256410257
46057,57,57,114,0.5
46058,77,87,164,0.5304878048780488
46059,63,88,151,0.5827814569536424
46060,110,78,188,0.4148936170212766
46061,34,35,69,0.5072463768115942
46062,97,74,171,0.4327485380116959
46063,93,51,144,0.3541666666666667
46064,79,79,158,0.5
46065,77,70,147,0.47619047619047616
46066,50,35,85,0.4117647058823529
46067,37,36,73,0.4931506849315068
46068,67,24,91,0.26373626373626374
46069,52,31,83,0.37349397590361444
46070,33,26,59,0.4406779661016949
46071,39,32,71,0.4507042253521127
46072,51,44,95,0.4631578947368421
46073,21,21,42,0.5
46074,9,13,22,0.5909090909090909
46075,88,74,162,0.4567901234567901
46076,63,30,93,0.3225806451612903
46077,32,18,50,0.36
46078,76,55,131,0.4198473282442748
46079,41,20,61,0.32786885245901637
46080,65,53,118,0.4491525423728814
46081,11,3,14,0.21428571428571427
46082,0,0,0,0
46083,0,0,0,0
46084,0,0,0,0
47001,38,23,61,0.3770491803278688
47002,40,21,61,0.3442622950819672
47003,24,15,39,0.38461538461538464
47004,0,1,1,1.0
47005,34,23,57,0.40350877192982454
47006,39,32,71,0.4507042253521127
47007,37,28,65,0.4307692307692308
47008,45,24,69,0.34782608695652173
47009,38,18,56,0.32142857142857145
47010,9,2,11,0.18181818181818182
47011,31,22,53,0.41509433962264153
47012,19,29,48,0.6041666666666666
47013,41,32,73,0.4383561643835616
47014,38,19,57,0.3333333333333333
47015,28,26,54,0.48148148148148145
47016,22,19,41,0.4634146341463415
47017,34,34,68,0.5
47018,28,12,40,0.3
47019,3,6,9,0.6666666666666666
47020,26,18,44,0.4090909090909091
47021,43,27,70,0.38571428571428573
47022,18,10,28,0.35714285714285715
47023,44,33,77,0.42857142857142855
47024,30,24,54,0.4444444444444444
47025,37,32,69,0.463768115942029
47026,44,24,68,0.35294117647058826
47027,46,32,78,0.41025641025641024
47028,23,28,51,0.5490196078431373
47029,58,45,103,0.4368932038834951
47030,24,8,32,0.25
47031,25,37,62,0.5967741935483871
47032,12,22,34,0.6470588235294118
47033,23,9,32,0.28125
47034,20,8,28,0.2857142857142857
47035,1,0,1,0.0
47036,24,19,43,0.4418604651162791
47037,23,11,34,0.3235294117647059
47038,12,11,23,0.4782608695652174
47039,9,10,19,0.5263157894736842
47040,13,8,21,0.38095238095238093
47041,43,29,72,0.4027777777777778
47042,6,6,12,0.5
47043,34,27,61,0.4426229508196721
47044,34,19,53,0.3584905660377358
47045,45,23,68,0.3382352941176471
47046,19,21,40,0.525
47047,22,32,54,0.5925925925925926
47048,45,23,68,0.3382352941176471
47049,37,27,64,0.421875
47050,36,22,58,0.3793103448275862
47051,33,27,60,0.45
47052,14,16,30,0.5333333333333333
47053,28,34,62,0.5483870967741935
47054,32,43,75,0.5733333333333334
47055,30,21,51,0.4117647058823529
47056,43,15,58,0.25862068965517243
47057,72,39,111,0.35135135135135137
47058,34,22,56,0.39285714285714285
47059,45,19,64,0.296875
47060,16,11,27,0.4074074074074074
47061,26,34,60,0.5666666666666667
47062,20,23,43,0.5348837209302325
47063,35,5,40,0.125
47064,39,21,60,0.35
47065,36,26,62,0.41935483870967744
47066,17,17,34,0.5
47067,21,22,43,0.5116279069767442
47068,8,2,10,0.2
47069,27,21,48,0.4375
47070,29,17,46,0.3695652173913043
47071,31,15,46,0.32608695652173914
47072,21,9,30,0.3
47073,0,0,0,0
48001,12,2,14,0.14285714285714285
48002,14,8,22,0.36363636363636365
48003,62,18,80,0.225
48004,69,32,101,0.31683168316831684
48005,103,21,124,0.1693548387096774
48006,63,25,88,0.2840909090909091
48007,69,14,83,0.1686746987951807
48008,20,4,24,0.16666666666666666
48009,88,34,122,0.2786885245901639
48010,121,18,139,0.12949640287769784
48011,95,22,117,0.18803418803418803
48012,124,22,146,0.1506849315068493
48013,110,25,135,0.18518518518518517
48014,100,23,123,0.18699186991869918
48015,92,31,123,0.25203252032520324
48016,90,4,94,0.0425531914893617
48017,79,15,94,0.1595744680851064
48018,183,22,205,0.1073170731707317
48019,121,38,159,0.2389937106918239
48020,92,29,121,0.2396694214876033
48021,151,11,162,0.06790123456790123
48022,103,12,115,0.10434782608695652
48023,135,23,158,0.14556962025316456
48024,120,18,138,0.13043478260869565
48025,125,26,151,0.17218543046357615
48026,106,20,126,0.15873015873015872
48027,123,18,141,0.1276595744680851
48028,92,14,106,0.1320754716981132
48029,88,19,107,0.17757009345794392
48030,137,36,173,0.20809248554913296
48031,59,16,75,0.21333333333333335
48032,87,21,108,0.19444444444444445
48033,21,16,37,0.43243243243243246
48034,28,13,41,0.3170731707317073
48035,6,4,10,0.4
48036,37,25,62,0.4032258064516129
48037,22,10,32,0.3125
48038,15,16,31,0.5161290322580645
48039,48,5,53,0.09433962264150944
48040,46,38,84,0.4523809523809524
48041,19,9,28,0.32142857142857145
48042,49,20,69,0.2898550724637681
48043,34,25,59,0.423728813559322
48044,29,25,54,0.46296296296296297
48045,15,14,29,0.4827586206896552
48046,47,21,68,0.3088235294117647
48047,51,38,89,0.42696629213483145
48048,44,17,61,0.2786885245901639
48049,10,10,20,0.5
48050,28,18,46,0.391304347826087
48051,33,10,43,0.23255813953488372
48052,41,23,64,0.359375
48054,49,26,75,0.3466666666666667
48055,81,38,119,0.31932773109243695
48056,47,62,109,0.5688073394495413
48057,18,22,40,0.55
48058,47,27,74,0.36486486486486486
48059,59,33,92,0.358695652173913
48060,71,40,111,0.36036036036036034
48061,67,31,98,0.3163265306122449
48062,68,59,127,0.4645669291338583
48063,52,79,131,0.6030534351145038
48064,39,27,66,0.4090909090909091
48065,48,44,92,0.4782608695652174
48066,38,8,46,0.17391304347826086
48067,15,14,29,0.4827586206896552
48068,8,8,16,0.5
48069,3,8,11,0.7272727272727273
48070,73,46,119,0.3865546218487395
48071,124,16,140,0.11428571428571428
48072,117,27,144,0.1875
49001,46,46,92,0.5
49002,22,14,36,0.3888888888888889
49003,13,22,35,0.6285714285714286
49004,32,59,91,0.6483516483516484
49005,19,25,44,0.5681818181818182
49006,14,9,23,0.391304347826087
49007,6,4,10,0.4
49008,32,35,67,0.5223880597014925
49009,28,22,50,0.44
49010,24,24,48,0.5
49011,8,7,15,0.4666666666666667
49012,16,10,26,0.38461538461538464
49013,8,18,26,0.6923076923076923
49014,0,0,0,0
49016,29,39,68,0.5735294117647058
49017,17,19,36,0.5277777777777778
49018,11,9,20,0.45
49019,47,35,82,0.4268292682926829
49020,20,22,42,0.5238095238095238
49021,44,27,71,0.38028169014084506
49022,32,22,54,0.4074074074074074
49023,34,30,64,0.46875
49024,26,23,49,0.46938775510204084
49025,37,29,66,0.4393939393939394
49026,26,26,52,0.5
49027,20,17,37,0.4594594594594595
49028,22,27,49,0.5510204081632653
49029,4,4,8,0.5
49030,15,13,28,0.4642857142857143
49031,29,16,45,0.35555555555555557
49032,12,20,32,0.625
49033,11,4,15,0.26666666666666666
49034,14,11,25,0.44
49035,48,24,72,0.3333333333333333
49036,12,8,20,0.4
49037,52,25,77,0.3246753246753247
49038,31,23,54,0.42592592592592593
49039,46,17,63,0.2698412698412698
49040,38,30,68,0.4411764705882353
49041,32,18,50,0.36
49042,19,22,41,0.5365853658536586
49043,21,17,38,0.4473684210526316
49044,13,8,21,0.38095238095238093
49045,10,7,17,0.4117647058823529
49046,13,7,20,0.35
49047,45,36,81,0.4444444444444444
49048,50,31,81,0.38271604938271603
49049,42,25,67,0.373134328358209
49050,52,27,79,0.34177215189873417
49051,30,21,51,0.4117647058823529
49052,49,17,66,0.25757575757575757
49053,64,21,85,0.24705882352941178
49054,30,16,46,0.34782608695652173
49055,20,13,33,0.3939393939393939
49056,4,4,8,0.5
49057,24,9,33,0.2727272727272727
49058,26,25,51,0.49019607843137253
49059,49,28,77,0.36363636363636365
49061,33,26,59,0.4406779661016949
49062,41,29,70,0.4142857142857143
49063,34,21,55,0.38181818181818183
49064,15,14,29,0.4827586206896552
49065,31,25,56,0.44642857142857145
49066,35,21,56,0.375
49067,27,17,44,0.38636363636363635
49068,13,11,24,0.4583333333333333
49069,23,18,41,0.43902439024390244
49070,39,26,65,0.4
49071,0,0,0,0
50001,37,25,62,0.4032258064516129
50002,49,174,223,0.7802690582959642
50003,61,238,299,0.7959866220735786
50004,20,93,113,0.8230088495575221
50005,66,220,286,0.7692307692307693
50006,46,206,252,0.8174603174603174
50007,38,148,186,0.7956989247311828
50008,51,206,257,0.8015564202334631
50009,51,193,244,0.7909836065573771
50010,54,182,236,0.7711864406779662
50011,91,46,137,0.3357664233576642
50012,39,188,227,0.8281938325991189
50013,1,3,4,0.75
50014,35,59,94,0.6276595744680851
50015,45,146,191,0.7643979057591623
50016,95,74,169,0.4378698224852071
50017,65,121,186,0.6505376344086021
50018,42,135,177,0.7627118644067796
50019,50,161,211,0.7630331753554502
50020,39,167,206,0.8106796116504854
50021,53,225,278,0.8093525179856115
50022,40,119,159,0.7484276729559748
50024,2,0,2,0.0
50025,19,54,73,0.7397260273972602
50026,61,203,264,0.7689393939393939
50027,62,185,247,0.7489878542510121
50028,38,190,228,0.8333333333333334
50029,52,181,233,0.776824034334764
50030,52,214,266,0.8045112781954887
50031,36,146,182,0.8021978021978022
50032,37,178,215,0.827906976744186
50033,69,220,289,0.7612456747404844
50034,41,177,218,0.8119266055045872
50035,55,165,220,0.75
50036,33,95,128,0.7421875
50037,69,132,201,0.6567164179104478
50038,52,159,211,0.7535545023696683
50039,43,118,161,0.7329192546583851
50040,41,157,198,0.7929292929292929
50041,36,190,226,0.8407079646017699
50042,47,209,256,0.81640625
50043,34,142,176,0.8068181818181818
50044,41,145,186,0.7795698924731183
50045,9,34,43,0.7906976744186046
50046,44,178,222,0.8018018018018018
50047,41,127,168,0.7559523809523809
50048,60,145,205,0.7073170731707317
50049,20,82,102,0.803921568627451
50050,54,138,192,0.71875
50051,40,106,146,0.726027397260274
50052,65,135,200,0.675
50053,32,123,155,0.7935483870967742
50054,39,58,97,0.5979381443298969
50055,19,34,53,0.6415094339622641
50056,26,37,63,0.5873015873015873
50057,103,56,159,0.3522012578616352
50058,65,46,111,0.4144144144144144
50059,98,107,205,0.5219512195121951
50060,93,43,136,0.3161764705882353
50061,86,51,137,0.3722627737226277
50062,72,35,107,0.32710280373831774
50063,125,35,160,0.21875
50064,37,20,57,0.3508771929824561
50065,71,13,84,0.15476190476190477
50066,57,6,63,0.09523809523809523
50067,26,7,33,0.21212121212121213
50068,57,11,68,0.16176470588235295
50069,74,18,92,0.1956521739130435
50070,46,10,56,0.17857142857142858
50071,21,0,21,0.0
50072,38,19,57,0.3333333333333333
50073,49,5,54,0.09259259259259259
50074,64,8,72,0.1111111111111111
50075,45,16,61,0.26229508196721313
50076,73,39,112,0.3482142857142857
50077,67,4,71,0.056338028169014086
50078,63,10,73,0.136986301369863
50079,54,5,59,0.0847457627118644
50080,56,27,83,0.3253012048192771
50081,7,12,19,0.631578947368421
50082,28,12,40,0.3
50083,65,54,119,0.453781512605042
50084,6,25,31,0.8064516129032258
50085,10,57,67,0.8507462686567164
50087,7,37,44,0.8409090909090909
50088,6,44,50,0.88
50089,53,191,244,0.7827868852459017
50090,32,128,160,0.8
50091,37,154,191,0.806282722513089
50092,57,164,221,0.7420814479638009
50093,9,37,46,0.8043478260869565
50094,9,21,30,0.7
50095,48,217,265,0.8188679245283019
50096,46,154,200,0.77
50097,38,149,187,0.7967914438502673
50098,34,97,131,0.7404580152671756
50099,55,141,196,0.7193877551020408
50100,32,6,38,0.15789473684210525
50101,39,102,141,0.723404255319149
50102,23,56,79,0.7088607594936709
50104,0,0,0,0
51001,65,129,194,0.6649484536082474
51002,31,65,96,0.6770833333333334
51003,55,110,165,0.6666666666666666
51004,41,50,91,0.5494505494505495
51005,54,78,132,0.5909090909090909
51006,37,58,95,0.6105263157894737
51007,77,227,304,0.7467105263157895
51008,26,54,80,0.675
51009,21,14,35,0.4
51010,9,12,21,0.5714285714285714
51011,54,194,248,0.782258064516129
51012,52,171,223,0.7668161434977578
51013,40,136,176,0.7727272727272727
51014,49,47,96,0.4895833333333333
51015,54,36,90,0.4
51016,57,38,95,0.4
51017,33,41,74,0.5540540540540541
51018,1,3,4,0.75
51019,4,5,9,0.5555555555555556
51020,53,149,202,0.7376237623762376
51021,7,38,45,0.8444444444444444
51022,9,46,55,0.8363636363636363
51023,38,130,168,0.7738095238095238
51024,55,35,90,0.3888888888888889
51026,62,29,91,0.31868131868131866
51027,17,21,38,0.5526315789473685
51028,6,19,25,0.76
51029,43,55,98,0.5612244897959183
51030,26,34,60,0.5666666666666667
51031,59,58,117,0.49572649572649574
51032,50,54,104,0.5192307692307693
51033,48,69,117,0.5897435897435898
51034,42,55,97,0.5670103092783505
51035,51,93,144,0.6458333333333334
51036,56,118,174,0.6781609195402298
51037,55,92,147,0.6258503401360545
51038,63,160,223,0.7174887892376681
51039,72,96,168,0.5714285714285714
51040,82,185,267,0.6928838951310862
51041,64,183,247,0.7408906882591093
51042,51,201,252,0.7976190476190477
51043,31,104,135,0.7703703703703704
51044,13,62,75,0.8266666666666667
51046,0,6,6,1.0
51047,23,28,51,0.5490196078431373
51049,55,180,235,0.7659574468085106
51050,20,29,49,0.5918367346938775
51051,76,79,155,0.5096774193548387
51052,29,53,82,0.6463414634146342
51053,24,80,104,0.7692307692307693
51054,48,77,125,0.616
51055,43,157,200,0.785
51056,2,2,4,0.5
51057,1,4,5,0.8
51058,18,10,28,0.35714285714285715
51059,45,61,106,0.5754716981132075
51060,33,56,89,0.6292134831460674
51061,34,82,116,0.7068965517241379
51062,57,77,134,0.5746268656716418
51063,61,58,119,0.48739495798319327
51064,49,55,104,0.5288461538461539
51065,53,56,109,0.5137614678899083
51066,42,41,83,0.4939759036144578
51067,37,43,80,0.5375
51068,19,45,64,0.703125
51069,47,64,111,0.5765765765765766
51070,73,59,132,0.44696969696969696
51071,73,81,154,0.525974025974026
51072,44,147,191,0.7696335078534031
51073,56,111,167,0.6646706586826348
51074,45,52,97,0.5360824742268041
51075,38,60,98,0.6122448979591837
51076,53,67,120,0.5583333333333333
51077,48,61,109,0.5596330275229358
51078,30,32,62,0.5161290322580645
51079,49,119,168,0.7083333333333334
51080,21,25,46,0.5434782608695652
51081,30,65,95,0.6842105263157895
51082,48,164,212,0.7735849056603774
51083,63,175,238,0.7352941176470589
51084,0,0,0,0
52001,45,123,168,0.7321428571428571
52002,61,142,203,0.6995073891625616
52003,22,59,81,0.7283950617283951
52004,75,129,204,0.6323529411764706
52005,46,101,147,0.6870748299319728
52006,68,147,215,0.6837209302325581
52007,132,233,365,0.6383561643835617
52008,140,232,372,0.6236559139784946
52009,96,94,190,0.49473684210526314
52010,149,231,380,0.6078947368421053
52011,122,153,275,0.5563636363636364
52012,108,188,296,0.6351351351351351
52013,102,217,319,0.6802507836990596
52014,72,126,198,0.6363636363636364
52015,102,215,317,0.6782334384858044
52016,121,217,338,0.6420118343195266
52017,88,154,242,0.6363636363636364
52018,83,206,289,0.71280276816609
52019,93,232,325,0.7138461538461538
52020,89,153,242,0.6322314049586777
52021,9,46,55,0.8363636363636363
52022,68,81,149,0.5436241610738255
52023,114,157,271,0.5793357933579336
52024,23,72,95,0.7578947368421053
52025,118,242,360,0.6722222222222223
52026,52,171,223,0.7668161434977578
52027,177,462,639,0.7230046948356808
52028,83,181,264,0.6856060606060606
52029,79,166,245,0.6775510204081633
52030,88,229,317,0.722397476340694
52031,68,250,318,0.7861635220125787
52032,98,224,322,0.6956521739130435
52033,58,178,236,0.7542372881355932
52034,78,228,306,0.7450980392156863
52035,77,247,324,0.7623456790123457
52036,83,220,303,0.7260726072607261
52037,84,240,324,0.7407407407407407
52038,83,287,370,0.7756756756756756
52039,108,273,381,0.7165354330708661
52040,115,237,352,0.6732954545454546
52041,26,101,127,0.7952755905511811
52042,55,246,301,0.8172757475083057
52043,64,248,312,0.7948717948717948
52044,84,217,301,0.7209302325581395
52045,56,206,262,0.7862595419847328
52046,79,254,333,0.7627627627627628
52047,81,226,307,0.7361563517915309
52048,65,183,248,0.7379032258064516
52049,60,203,263,0.7718631178707225
52050,46,159,205,0.775609756097561
52051,88,83,171,0.4853801169590643
52052,56,68,124,0.5483870967741935
52053,77,176,253,0.6956521739130435
52054,59,47,106,0.44339622641509435
52055,57,199,256,0.77734375
52056,52,137,189,0.7248677248677249
52057,57,183,240,0.7625
52058,51,178,229,0.777292576419214
52059,80,253,333,0.7597597597597597
52060,56,195,251,0.7768924302788844
52061,62,244,306,0.7973856209150327
52062,54,176,230,0.7652173913043478
52063,0,1,1,1.0
52064,61,235,296,0.793918918918919
52065,51,233,284,0.8204225352112676
52066,90,305,395,0.7721518987341772
52067,53,171,224,0.7633928571428571
52068,89,272,361,0.7534626038781164
52069,96,307,403,0.7617866004962779
52070,79,356,435,0.8183908045977012
52071,90,339,429,0.7902097902097902
52072,53,169,222,0.7612612612612613
52073,66,260,326,0.7975460122699386
52074,59,244,303,0.8052805280528053
52075,80,314,394,0.7969543147208121
52076,23,83,106,0.7830188679245284
52077,5,14,19,0.7368421052631579
52078,46,156,202,0.7722772277227723
52079,23,55,78,0.7051282051282052
52080,17,76,93,0.8172043010752689
52081,70,241,311,0.77491961414791
52082,86,238,324,0.7345679012345679
52083,83,233,316,0.7373417721518988
52084,82,226,308,0.7337662337662337
52085,59,257,316,0.8132911392405063
52086,79,263,342,0.7690058479532164
52087,84,290,374,0.7754010695187166
52088,55,136,191,0.7120418848167539
52089,79,312,391,0.7979539641943734
52090,93,267,360,0.7416666666666667
52091,42,143,185,0.772972972972973
52092,79,237,316,0.75
52093,35,213,248,0.8588709677419355
52094,43,183,226,0.8097345132743363
52095,8,25,33,0.7575757575757576
52096,90,212,302,0.7019867549668874
52097,121,282,403,0.6997518610421837
52098,83,216,299,0.7224080267558528
52099,71,256,327,0.7828746177370031
52100,61,192,253,0.758893280632411
52101,69,207,276,0.75
52102,113,229,342,0.6695906432748538
52103,101,277,378,0.7328042328042328
52104,104,122,226,0.5398230088495575
52105,68,176,244,0.7213114754098361
52106,2,11,13,0.8461538461538461
52107,57,180,237,0.759493670886076
52108,80,208,288,0.7222222222222222
52109,38,104,142,0.7323943661971831
52110,93,211,304,0.694078947368421
52111,77,185,262,0.7061068702290076
52112,64,203,267,0.7602996254681648
52113,81,354,435,0.8137931034482758
52114,80,237,317,0.7476340694006309
52115,79,118,197,0.5989847715736041
52116,57,233,290,0.803448275862069
52117,90,180,270,0.6666666666666666
52119,0,0,0,0
52120,0,0,0,0
52121,0,0,0,0
52126,0,0,0,0
53001,36,92,128,0.71875
53002,31,46,77,0.5974025974025974
53003,58,93,151,0.6158940397350994
53004,42,118,160,0.7375
53005,59,84,143,0.5874125874125874
53006,7,39,46,0.8478260869565217
53007,50,122,172,0.7093023255813954
53008,30,153,183,0.8360655737704918
53009,41,118,159,0.7421383647798742
53010,43,59,102,0.5784313725490197
53011,29,80,109,0.7339449541284404
53012,40,92,132,0.696969696969697
53013,32,132,164,0.8048780487804879
53014,2,0,2,0.0
53015,38,40,78,0.5128205128205128
53016,40,195,235,0.8297872340425532
53017,53,140,193,0.7253886010362695
53018,45,190,235,0.8085106382978723
53019,56,137,193,0.7098445595854922
53020,55,217,272,0.7977941176470589
53021,76,114,190,0.6
53022,102,138,240,0.575
53023,50,127,177,0.7175141242937854
53024,61,49,110,0.44545454545454544
53025,97,114,211,0.5402843601895735
53026,68,42,110,0.38181818181818183
53027,62,137,199,0.6884422110552764
53028,50,114,164,0.6951219512195121
53029,33,73,106,0.6886792452830188
53030,46,158,204,0.7745098039215687
53031,90,76,166,0.4578313253012048
53032,54,91,145,0.6275862068965518
53033,39,194,233,0.8326180257510729
53034,51,174,225,0.7733333333333333
53035,46,165,211,0.7819905213270142
53036,74,176,250,0.704
53037,37,183,220,0.8318181818181818
53038,19,43,62,0.6935483870967742
53039,63,155,218,0.7110091743119266
53040,46,36,82,0.43902439024390244
53041,58,56,114,0.49122807017543857
53042,33,36,69,0.5217391304347826
53043,58,61,119,0.5126050420168067
53044,56,146,202,0.7227722772277227
53045,80,153,233,0.6566523605150214
53046,56,103,159,0.6477987421383647
53047,49,176,225,0.7822222222222223
53048,22,128,150,0.8533333333333334
53049,8,39,47,0.8297872340425532
53050,40,120,160,0.75
53051,37,42,79,0.5316455696202531
53052,0,20,20,1.0
53053,49,138,187,0.7379679144385026
53054,64,151,215,0.7023255813953488
53055,34,130,164,0.7926829268292683
53056,64,147,211,0.6966824644549763
53057,53,145,198,0.7323232323232324
53058,32,133,165,0.806060606060606
53059,56,164,220,0.7454545454545455
53060,55,175,230,0.7608695652173914
53061,53,113,166,0.6807228915662651
53062,18,43,61,0.7049180327868853
53063,50,160,210,0.7619047619047619
53064,59,111,170,0.6529411764705882
53065,42,85,127,0.6692913385826772
53066,79,115,194,0.5927835051546392
53067,59,152,211,0.7203791469194313
53068,56,93,149,0.6241610738255033
53069,27,83,110,0.7545454545454545
53070,66,116,182,0.6373626373626373
53071,47,59,106,0.5566037735849056
53072,47,115,162,0.7098765432098766
53073,60,65,125,0.52
53074,62,91,153,0.5947712418300654
53075,34,41,75,0.5466666666666666
53076,41,169,210,0.8047619047619048
53077,51,139,190,0.7315789473684211
53078,67,17,84,0.20238095238095238
53079,27,40,67,0.5970149253731343
53080,78,110,188,0.5851063829787234
53081,46,17,63,0.2698412698412698
53082,49,114,163,0.6993865030674846
53083,42,84,126,0.6666666666666666
53084,37,101,138,0.7318840579710145
53085,57,49,106,0.46226415094339623
53086,62,49,111,0.44144144144144143
53087,55,143,198,0.7222222222222222
53088,46,152,198,0.7676767676767676
53089,0,0,0,0
54001,15,19,34,0.5588235294117647
54002,51,50,101,0.49504950495049505
54003,43,33,76,0.4342105263157895
54004,33,26,59,0.4406779661016949
54005,7,18,25,0.72
54006,8,6,14,0.42857142857142855
54007,42,126,168,0.75
54008,44,96,140,0.6857142857142857
54009,44,102,146,0.6986301369863014
54010,46,109,155,0.7032258064516129
54011,71,98,169,0.5798816568047337
54012,42,138,180,0.7666666666666667
54013,43,91,134,0.6791044776119403
54014,6,14,20,0.7
54015,28,67,95,0.7052631578947368
54017,17,47,64,0.734375
54018,0,3,3,1.0
54019,69,63,132,0.4772727272727273
54020,54,128,182,0.7032967032967034
54021,64,109,173,0.630057803468208
54022,33,75,108,0.6944444444444444
54023,52,93,145,0.6413793103448275
54024,46,99,145,0.6827586206896552
54025,59,151,210,0.719047619047619
54026,9,14,23,0.6086956521739131
54027,39,97,136,0.7132352941176471
54028,56,155,211,0.7345971563981043
54029,36,116,152,0.7631578947368421
54030,66,79,145,0.5448275862068965
54031,40,77,117,0.6581196581196581
54032,38,79,117,0.6752136752136753
54033,51,80,131,0.6106870229007634
54034,71,99,170,0.5823529411764706
54035,49,92,141,0.6524822695035462
54036,54,93,147,0.6326530612244898
54037,57,80,137,0.583941605839416
54038,69,94,163,0.5766871165644172
54039,39,88,127,0.6929133858267716
54040,18,44,62,0.7096774193548387
54041,81,97,178,0.5449438202247191
54042,53,57,110,0.5181818181818182
54043,64,90,154,0.5844155844155844
54044,51,48,99,0.48484848484848486
54045,55,48,103,0.46601941747572817
54046,93,73,166,0.4397590361445783
54047,43,37,80,0.4625
54048,47,68,115,0.591304347826087
54049,57,50,107,0.4672897196261682
54050,75,74,149,0.4966442953020134
54051,77,67,144,0.4652777777777778
54052,44,42,86,0.4883720930232558
54053,40,37,77,0.4805194805194805
54054,46,37,83,0.4457831325301205
54055,48,34,82,0.4146341463414634
54056,31,27,58,0.46551724137931033
54057,56,58,114,0.5087719298245614
54058,57,43,100,0.43
54059,37,47,84,0.5595238095238095
54060,91,134,225,0.5955555555555555
54061,56,81,137,0.5912408759124088
54062,48,91,139,0.6546762589928058
54063,44,133,177,0.751412429378531
54064,27,92,119,0.773109243697479
54065,39,34,73,0.4657534246575342
54066,59,62,121,0.512396694214876
54067,73,72,145,0.496551724137931
54068,63,54,117,0.46153846153846156
54069,64,58,122,0.47540983606557374
54070,48,52,100,0.52
54071,27,39,66,0.5909090909090909
54072,10,8,18,0.4444444444444444
54073,50,81,131,0.6183206106870229
54074,31,101,132,0.7651515151515151
54075,14,18,32,0.5625
54076,64,106,170,0.6235294117647059
54077,25,49,74,0.6621621621621622
54078,0,0,0,0
54079,38,22,60,0.36666666666666664
54080,54,42,96,0.4375
54081,51,23,74,0.3108108108108108
54082,45,30,75,0.4
54083,47,56,103,0.5436893203883495
54084,31,64,95,0.6736842105263158
54085,43,67,110,0.6090909090909091
54086,40,81,121,0.6694214876033058
54087,38,64,102,0.6274509803921569
54088,58,98,156,0.6282051282051282
54089,52,79,131,0.6030534351145038
55002,27,109,136,0.8014705882352942
55003,14,33,47,0.7021276595744681
55004,58,118,176,0.6704545454545454
55005,15,17,32,0.53125
55006,73,56,129,0.43410852713178294
55007,36,104,140,0.7428571428571429
55008,6,16,22,0.7272727272727273
55009,67,109,176,0.6193181818181818
55010,73,134,207,0.6473429951690821
55011,79,139,218,0.6376146788990825
55012,77,137,214,0.6401869158878505
55013,6,2,8,0.25
55014,66,88,154,0.5714285714285714
55015,41,90,131,0.6870229007633588
55016,93,112,205,0.5463414634146342
55017,50,53,103,0.5145631067961165
55018,78,140,218,0.6422018348623854
55019,96,149,245,0.6081632653061224
55020,90,139,229,0.6069868995633187
55021,61,69,130,0.5307692307692308
55022,65,75,140,0.5357142857142857
55023,78,150,228,0.6578947368421053
55024,68,139,207,0.6714975845410628
55025,56,109,165,0.6606060606060606
55026,12,23,35,0.6571428571428571
55027,42,51,93,0.5483870967741935
55028,30,30,60,0.5
55029,31,35,66,0.5303030303030303
55030,57,79,136,0.5808823529411765
55031,101,123,224,0.5491071428571429
55032,70,86,156,0.5512820512820513
55033,75,100,175,0.5714285714285714
55034,69,90,159,0.5660377358490566
55035,76,71,147,0.48299319727891155
55037,32,22,54,0.4074074074074074
55038,27,35,62,0.5645161290322581
55040,19,9,28,0.32142857142857145
55041,17,27,44,0.6136363636363636
55044,5,5,10,0.5
55045,45,53,98,0.5408163265306123
55046,66,93,159,0.5849056603773585
55047,33,43,76,0.5657894736842105
55048,58,85,143,0.5944055944055944
55049,43,49,92,0.532608695652174
55050,17,19,36,0.5277777777777778
55051,4,4,8,0.5
55052,24,32,56,0.5714285714285714
55053,21,22,43,0.5116279069767442
55054,8,9,17,0.5294117647058824
55055,76,62,138,0.4492753623188406
55056,15,15,30,0.5
55057,43,66,109,0.6055045871559633
55058,50,60,110,0.5454545454545454
55059,65,69,134,0.5149253731343284
55060,17,14,31,0.45161290322580644
55061,1,0,1,0.0
55062,70,59,129,0.4573643410852713
55063,44,39,83,0.46987951807228917
55064,100,77,177,0.4350282485875706
55065,54,72,126,0.5714285714285714
55066,50,45,95,0.47368421052631576
55067,43,46,89,0.5168539325842697
55068,46,42,88,0.4772727272727273
55069,57,71,128,0.5546875
55070,35,27,62,0.43548387096774194
55071,41,47,88,0.5340909090909091
55072,45,39,84,0.4642857142857143
55074,55,55,110,0.5
55075,61,84,145,0.5793103448275863
55076,68,105,173,0.6069364161849711
55077,10,17,27,0.6296296296296297
55078,80,89,169,0.5266272189349113
55079,42,60,102,0.5882352941176471
55080,56,91,147,0.6190476190476191
55081,66,84,150,0.56
55082,61,115,176,0.6534090909090909
55083,57,70,127,0.5511811023622047
55084,90,105,195,0.5384615384615384
55085,87,113,200,0.565
55086,58,102,160,0.6375
55087,46,76,122,0.6229508196721312
55088,102,106,208,0.5096153846153846
55089,91,111,202,0.5495049504950495
55090,61,78,139,0.5611510791366906
55091,92,114,206,0.5533980582524272
55092,59,99,158,0.6265822784810127
55093,70,92,162,0.5679012345679012
55094,75,89,164,0.5426829268292683
55095,30,31,61,0.5081967213114754
55096,78,88,166,0.5301204819277109
55097,65,85,150,0.5666666666666667
55098,9,25,34,0.7352941176470589
55099,103,107,210,0.5095238095238095
55100,53,36,89,0.4044943820224719
55101,51,90,141,0.6382978723404256
55102,80,90,170,0.5294117647058824
55103,68,106,174,0.6091954022988506
55104,51,74,125,0.592
55105,36,51,87,0.5862068965517241
55106,71,134,205,0.6536585365853659
55107,105,121,226,0.5353982300884956
55108,82,101,183,0.5519125683060109
55109,55,75,130,0.5769230769230769
55110,34,57,91,0.6263736263736264
55111,0,0,0,0
55112,0,0,0,0
56001,52,65,117,0.5555555555555556
56002,72,65,137,0.4744525547445255
56003,49,47,96,0.4895833333333333
56004,55,62,117,0.5299145299145299
56005,34,99,133,0.7443609022556391
56006,65,96,161,0.5962732919254659
56007,69,76,145,0.5241379310344828
56008,80,88,168,0.5238095238095238
56009,67,74,141,0.524822695035461
56010,74,77,151,0.5099337748344371
56011,51,173,224,0.7723214285714286
56012,46,151,197,0.766497461928934
56013,75,166,241,0.6887966804979253
56014,56,171,227,0.7533039647577092
56015,73,186,259,0.7181467181467182
56016,62,158,220,0.7181818181818181
56017,63,118,181,0.6519337016574586
56018,48,155,203,0.7635467980295566
56019,65,176,241,0.7302904564315352
56020,40,85,125,0.68
56021,60,160,220,0.7272727272727273
56022,117,154,271,0.5682656826568265
56023,66,149,215,0.6930232558139535
56024,73,178,251,0.7091633466135459
56025,87,163,250,0.652
56026,62,129,191,0.675392670157068
56027,76,154,230,0.6695652173913044
56028,67,185,252,0.7341269841269841
56029,49,93,142,0.6549295774647887
56030,108,108,216,0.5
56031,73,131,204,0.6421568627450981
56032,114,181,295,0.6135593220338983
56033,81,202,283,0.7137809187279152
56034,43,147,190,0.7736842105263158
56035,64,185,249,0.7429718875502008
56036,57,178,235,0.7574468085106383
56037,66,210,276,0.7608695652173914
56038,94,249,343,0.7259475218658892
56039,60,189,249,0.7590361445783133
56040,59,223,282,0.7907801418439716
56041,78,209,287,0.7282229965156795
56042,83,210,293,0.7167235494880546
56043,72,192,264,0.7272727272727273
56044,44,140,184,0.7608695652173914
56045,78,177,255,0.6941176470588235
56046,85,171,256,0.66796875
56047,65,189,254,0.7440944881889764
56048,61,183,244,0.75
56049,80,197,277,0.7111913357400722
56050,88,202,290,0.696551724137931
56051,61,132,193,0.6839378238341969
56052,76,201,277,0.7256317689530686
56053,77,228,305,0.7475409836065574
56054,76,151,227,0.6651982378854625
56055,111,210,321,0.6542056074766355
56056,32,98,130,0.7538461538461538
56057,105,191,296,0.6452702702702703
56058,70,170,240,0.7083333333333334
56059,62,119,181,0.6574585635359116
56060,70,89,159,0.559748427672956
56061,54,97,151,0.6423841059602649
56062,61,97,158,0.6139240506329114
56063,46,74,120,0.6166666666666667
56064,96,78,174,0.4482758620689655
56065,57,125,182,0.6868131868131868
56066,23,39,62,0.6290322580645161
56067,36,65,101,0.6435643564356436
56068,54,97,151,0.6423841059602649
56069,72,111,183,0.6065573770491803
56070,63,75,138,0.5434782608695652
56071,89,97,186,0.521505376344086
56072,74,192,266,0.7218045112781954
56073,71,140,211,0.6635071090047393
56074,60,115,175,0.6571428571428571
56075,35,60,95,0.631578947368421
56076,43,74,117,0.6324786324786325
56077,66,85,151,0.5629139072847682
56078,66,145,211,0.6872037914691943
56079,71,190,261,0.7279693486590039
56080,60,221,281,0.7864768683274022
56081,49,67,116,0.5775862068965517
56082,88,141,229,0.6157205240174672
56083,78,91,169,0.5384615384615384
56084,68,93,161,0.577639751552795
56085,71,193,264,0.7310606060606061
56086,63,121,184,0.657608695652174
56087,46,154,200,0.77
56088,70,183,253,0.7233201581027668
56089,55,189,244,0.7745901639344263
56090,83,157,240,0.6541666666666667
56091,77,242,319,0.7586206896551724
56092,0,0,0,0
57001,54,55,109,0.5045871559633027
57002,80,96,176,0.5454545454545454
57003,78,63,141,0.44680851063829785
57004,30,94,124,0.7580645161290323
57005,28,13,41,0.3170731707317073
57006,56,76,132,0.5757575757575758
57007,42,40,82,0.4878048780487805
57008,60,87,147,0.5918367346938775
57009,67,147,214,0.6869158878504673
57010,149,239,388,0.615979381443299
57011,112,145,257,0.5642023346303502
57012,71,77,148,0.5202702702702703
57013,54,89,143,0.6223776223776224
57014,60,181,241,0.7510373443983402
57015,55,236,291,0.8109965635738832
57016,109,280,389,0.7197943444730077
57017,115,347,462,0.7510822510822511
57018,133,272,405,0.671604938271605
57019,20,30,50,0.6
57020,5,9,14,0.6428571428571429
57021,64,211,275,0.7672727272727272
57022,63,169,232,0.728448275862069
57023,8,60,68,0.8823529411764706
57024,82,254,336,0.7559523809523809
57025,98,357,455,0.7846153846153846
57026,81,325,406,0.8004926108374384
57027,41,227,268,0.8470149253731343
57028,61,229,290,0.7896551724137931
57029,83,301,384,0.7838541666666666
57030,113,183,296,0.6182432432432432
57031,195,262,457,0.5733041575492341
57032,59,74,133,0.556390977443609
57033,37,74,111,0.6666666666666666
57034,110,342,452,0.7566371681415929
57035,110,269,379,0.7097625329815304
57036,64,252,316,0.7974683544303798
57037,47,181,228,0.793859649122807
57038,81,328,409,0.8019559902200489
57039,90,334,424,0.7877358490566038
57040,68,273,341,0.8005865102639296
57041,62,291,353,0.8243626062322946
57042,76,255,331,0.770392749244713
57043,98,347,445,0.7797752808988764
57044,89,234,323,0.7244582043343654
57045,96,198,294,0.673469387755102
57046,87,108,195,0.5538461538461539
57047,21,132,153,0.8627450980392157
57048,78,287,365,0.7863013698630137
57049,66,242,308,0.7857142857142857
57050,67,248,315,0.7873015873015873
57051,64,233,297,0.7845117845117845
57052,48,146,194,0.7525773195876289
57053,65,219,284,0.7711267605633803
57054,75,289,364,0.7939560439560439
57055,54,181,235,0.7702127659574468
57056,81,244,325,0.7507692307692307
57057,80,196,276,0.7101449275362319
57058,56,188,244,0.7704918032786885
57059,52,176,228,0.7719298245614035
57060,53,210,263,0.7984790874524715
57061,89,330,419,0.7875894988066826
57062,24,104,128,0.8125
57063,46,247,293,0.8430034129692833
57064,71,319,390,0.8179487179487179
57065,41,273,314,0.8694267515923567
57066,58,197,255,0.7725490196078432
57067,72,259,331,0.7824773413897281
57068,88,277,365,0.7589041095890411
57069,93,276,369,0.7479674796747967
57070,71,384,455,0.843956043956044
57071,53,226,279,0.8100358422939068
57072,62,338,400,0.845
57073,53,208,261,0.7969348659003831
57074,71,306,377,0.8116710875331565
57075,96,305,401,0.7605985037406484
57076,82,294,376,0.7819148936170213
57077,49,129,178,0.7247191011235955
57078,89,267,356,0.75
57079,51,223,274,0.8138686131386861
57080,91,275,366,0.7513661202185792
57081,83,224,307,0.7296416938110749
57082,46,87,133,0.6541353383458647
57083,71,189,260,0.7269230769230769
57084,80,198,278,0.7122302158273381
57085,103,203,306,0.6633986928104575
57086,56,94,150,0.6266666666666667
57087,86,236,322,0.7329192546583851
57088,52,143,195,0.7333333333333333
57089,76,142,218,0.6513761467889908
57090,156,252,408,0.6176470588235294
57091,89,131,220,0.5954545454545455
57092,96,231,327,0.7064220183486238
57093,72,168,240,0.7
57094,31,85,116,0.7327586206896551
57095,46,134,180,0.7444444444444445
57096,51,150,201,0.746268656716418
57097,42,69,111,0.6216216216216216
57098,52,66,118,0.559322033898305
57099,57,192,249,0.7710843373493976
57100,58,194,252,0.7698412698412699
57101,70,236,306,0.7712418300653595
57102,36,154,190,0.8105263157894737
57103,54,250,304,0.8223684210526315
57104,75,353,428,0.8247663551401869
57105,55,151,206,0.7330097087378641
57106,0,0,0,0
58001,74,136,210,0.6476190476190476
58002,100,150,250,0.6
58003,84,118,202,0.5841584158415841
58004,118,134,252,0.5317460317460317
58005,106,128,234,0.5470085470085471
58006,81,94,175,0.5371428571428571
58007,93,112,205,0.5463414634146342
58008,105,138,243,0.5679012345679012
58009,74,98,172,0.5697674418604651
58010,87,114,201,0.5671641791044776
58011,73,95,168,0.5654761904761905
58012,95,159,254,0.6259842519685039
58013,96,149,245,0.6081632653061224
58014,77,105,182,0.5769230769230769
58015,95,96,191,0.5026178010471204
58016,50,112,162,0.691358024691358
58017,48,134,182,0.7362637362637363
58018,69,167,236,0.7076271186440678
58019,52,138,190,0.7263157894736842
58020,73,177,250,0.708
58021,76,183,259,0.7065637065637066
58022,61,139,200,0.695
58023,56,140,196,0.7142857142857143
58024,65,142,207,0.6859903381642513
58025,86,195,281,0.693950177935943
58026,90,166,256,0.6484375
58027,86,178,264,0.6742424242424242
58028,74,157,231,0.6796536796536796
58029,71,136,207,0.6570048309178744
58030,85,216,301,0.717607973421927
58031,68,176,244,0.7213114754098361
58032,74,203,277,0.7328519855595668
58033,77,144,221,0.6515837104072398
58034,88,153,241,0.6348547717842323
58035,87,206,293,0.7030716723549488
58036,76,78,154,0.5064935064935064
58037,81,147,228,0.6447368421052632
58038,74,187,261,0.7164750957854407
58039,81,187,268,0.6977611940298507
58040,54,97,151,0.6423841059602649
58041,70,162,232,0.6982758620689655
58042,40,83,123,0.6747967479674797
58043,82,162,244,0.6639344262295082
58044,44,94,138,0.6811594202898551
58045,76,138,214,0.6448598130841121
58046,87,166,253,0.6561264822134387
58047,86,107,193,0.5544041450777202
58048,87,113,200,0.565
58049,78,144,222,0.6486486486486487
58050,64,160,224,0.7142857142857143
58051,70,99,169,0.5857988165680473
58052,111,140,251,0.5577689243027888
58053,24,27,51,0.5294117647058824
58054,99,101,200,0.505
58055,104,125,229,0.5458515283842795
58056,62,57,119,0.4789915966386555
58057,69,124,193,0.6424870466321243
58058,45,49,94,0.5212765957446809
58059,67,83,150,0.5533333333333333
58060,108,126,234,0.5384615384615384
58061,129,125,254,0.4921259842519685
58062,125,191,316,0.6044303797468354
58063,58,99,157,0.6305732484076433
58064,77,96,173,0.5549132947976878
58065,98,103,201,0.5124378109452736
58066,97,113,210,0.5380952380952381
58067,147,175,322,0.5434782608695652
58068,119,136,255,0.5333333333333333
58069,30,25,55,0.45454545454545453
58070,94,95,189,0.5026455026455027
58071,87,88,175,0.5028571428571429
58072,66,101,167,0.6047904191616766
58073,41,42,83,0.5060240963855421
58074,109,96,205,0.4682926829268293
58075,111,130,241,0.5394190871369294
58076,108,133,241,0.5518672199170125
58077,129,125,254,0.4921259842519685
58078,118,140,258,0.5426356589147286
58079,107,139,246,0.5650406504065041
58080,79,164,243,0.6748971193415638
58081,53,85,138,0.6159420289855072
58082,65,101,166,0.608433734939759
58083,65,132,197,0.6700507614213198
58084,107,154,261,0.5900383141762452
58085,81,92,173,0.5317919075144508
58086,88,169,257,0.6575875486381323
59001,49,96,145,0.6620689655172414
59002,29,56,85,0.6588235294117647
59003,28,96,124,0.7741935483870968
59004,47,131,178,0.7359550561797753
59005,80,131,211,0.6208530805687204
59006,113,177,290,0.6103448275862069
59007,90,91,181,0.5027624309392266
59008,115,97,212,0.45754716981132076
59009,6,2,8,0.25
59010,67,85,152,0.5592105263157895
59011,68,94,162,0.5802469135802469
59012,86,118,204,0.5784313725490197
59013,94,136,230,0.591304347826087
59014,110,136,246,0.5528455284552846
59015,105,107,212,0.5047169811320755
59016,122,166,288,0.5763888888888888
59017,89,168,257,0.6536964980544747
59018,82,127,209,0.6076555023923444
59019,20,33,53,0.6226415094339622
59020,67,109,176,0.6193181818181818
59021,76,148,224,0.6607142857142857
59022,106,165,271,0.6088560885608856
59023,31,92,123,0.7479674796747967
59024,77,111,188,0.5904255319148937
59025,93,114,207,0.5507246376811594
59026,101,147,248,0.592741935483871
59027,101,143,244,0.5860655737704918
59028,94,117,211,0.5545023696682464
59029,60,84,144,0.5833333333333334
59030,70,85,155,0.5483870967741935
59031,82,105,187,0.5614973262032086
59032,60,83,143,0.5804195804195804
59033,53,36,89,0.4044943820224719
59034,47,28,75,0.37333333333333335
59035,64,57,121,0.47107438016528924
59036,64,51,115,0.4434782608695652
59037,63,28,91,0.3076923076923077
59038,75,47,122,0.38524590163934425
59039,66,44,110,0.4
59040,63,45,108,0.4166666666666667
59041,101,106,207,0.5120772946859904
59042,42,16,58,0.27586206896551724
59043,32,17,49,0.3469387755102041
59044,57,32,89,0.3595505617977528
59045,45,15,60,0.25
59046,1,0,1,0.0
59047,85,117,202,0.5792079207920792
59048,6,3,9,0.3333333333333333
59049,63,87,150,0.58
59050,68,59,127,0.4645669291338583
59051,59,61,120,0.5083333333333333
59052,55,21,76,0.27631578947368424
59053,40,13,53,0.24528301886792453
59054,76,30,106,0.2830188679245283
59055,49,13,62,0.20967741935483872
59056,83,97,180,0.5388888888888889
59057,62,78,140,0.5571428571428572
59058,38,61,99,0.6161616161616161
59059,64,38,102,0.37254901960784315
59060,38,21,59,0.3559322033898305
59061,57,17,74,0.22972972972972974
59062,32,14,46,0.30434782608695654
59063,75,55,130,0.4230769230769231
59064,88,126,214,0.5887850467289719
59065,75,117,192,0.609375
59066,133,117,250,0.468
59067,79,114,193,0.5906735751295337
59068,84,76,160,0.475
59069,104,124,228,0.543859649122807
59070,102,111,213,0.5211267605633803
59071,111,121,232,0.521551724137931
59072,89,117,206,0.5679611650485437
59073,81,137,218,0.6284403669724771
59074,79,143,222,0.6441441441441441
59075,84,113,197,0.5736040609137056
59076,96,114,210,0.5428571428571428
59077,48,59,107,0.5514018691588785
59078,54,65,119,0.5462184873949579
59079,59,116,175,0.6628571428571428
59080,65,101,166,0.608433734939759
59081,68,106,174,0.6091954022988506
59082,66,81,147,0.5510204081632653
59083,43,50,93,0.5376344086021505
59084,91,107,198,0.5404040404040404
59085,107,103,210,0.49047619047619045
59086,0,0,0,0
59087,0,0,0,0
59088,0,0,0,0
59089,0,0,0,0
59090,0,0,0,0
60001,76,77,153,0.5032679738562091
60002,54,83,137,0.6058394160583942
60003,89,80,169,0.47337278106508873
60004,48,55,103,0.5339805825242718
60005,74,69,143,0.4825174825174825
60006,15,23,38,0.6052631578947368
60007,106,104,210,0.49523809523809526
60008,73,141,214,0.6588785046728972
60009,92,102,194,0.5257731958762887
60010,38,52,90,0.5777777777777777
60011,10,5,15,0.3333333333333333
60012,49,66,115,0.5739130434782609
60013,124,109,233,0.4678111587982833
60014,98,102,200,0.51
60015,49,77,126,0.6111111111111112
60016,21,40,61,0.6557377049180327
60017,89,133,222,0.5990990990990991
60018,49,53,102,0.5196078431372549
60019,29,42,71,0.5915492957746479
60020,13,10,23,0.43478260869565216
60021,24,45,69,0.6521739130434783
60022,66,60,126,0.47619047619047616
60023,5,16,21,0.7619047619047619
60024,55,60,115,0.5217391304347826
60025,0,0,0,0
60026,119,151,270,0.5592592592592592
60027,86,116,202,0.5742574257425742
60028,163,130,293,0.44368600682593856
60029,73,82,155,0.5290322580645161
60030,45,58,103,0.5631067961165048
60031,67,63,130,0.4846153846153846
60032,60,85,145,0.5862068965517241
60033,76,121,197,0.6142131979695431
60034,64,109,173,0.630057803468208
60035,85,72,157,0.4585987261146497
60036,97,103,200,0.515
60037,73,84,157,0.535031847133758
60038,68,99,167,0.592814371257485
60039,69,70,139,0.5035971223021583
60040,77,89,166,0.536144578313253
60041,57,116,173,0.6705202312138728
60042,83,128,211,0.6066350710900474
60043,73,120,193,0.6217616580310881
60044,55,60,115,0.5217391304347826
60045,102,123,225,0.5466666666666666
60046,90,106,196,0.5408163265306123
60047,89,105,194,0.5412371134020618
60048,19,45,64,0.703125
60049,63,91,154,0.5909090909090909
60050,26,47,73,0.6438356164383562
60051,92,160,252,0.6349206349206349
60052,69,96,165,0.5818181818181818
60053,77,95,172,0.5523255813953488
60054,68,86,154,0.5584415584415584
60055,72,88,160,0.55
60056,99,124,223,0.5560538116591929
60057,77,119,196,0.6071428571428571
60058,65,65,130,0.5
60059,65,63,128,0.4921875
60060,53,74,127,0.5826771653543307
60061,76,83,159,0.5220125786163522
60062,91,108,199,0.542713567839196
60063,104,149,253,0.5889328063241107
60064,93,91,184,0.4945652173913043
60065,80,134,214,0.6261682242990654
60066,81,71,152,0.46710526315789475
60067,50,58,108,0.5370370370370371
60068,48,70,118,0.5932203389830508
60069,22,25,47,0.5319148936170213
60070,26,41,67,0.6119402985074627
60071,51,86,137,0.6277372262773723
60072,62,105,167,0.6287425149700598
60073,49,92,141,0.6524822695035462
60074,136,97,233,0.41630901287553645
60075,98,140,238,0.5882352941176471
60076,56,87,143,0.6083916083916084
60077,72,96,168,0.5714285714285714
60078,91,107,198,0.5404040404040404
60079,60,82,142,0.5774647887323944
60080,81,90,171,0.5263157894736842
60081,109,100,209,0.4784688995215311
60082,139,162,301,0.5382059800664452
60083,97,137,234,0.5854700854700855
60084,110,134,244,0.5491803278688525
60085,95,109,204,0.5343137254901961
60086,58,88,146,0.6027397260273972
60087,42,52,94,0.5531914893617021
60088,75,91,166,0.5481927710843374
60089,46,31,77,0.4025974025974026
60090,61,83,144,0.5763888888888888
60091,43,59,102,0.5784313725490197
64075,69,81,150,0.54
64076,78,74,152,0.4868421052631579
64077,95,93,188,0.4946808510638298
64078,87,73,160,0.45625
64079,63,85,148,0.5743243243243243
64080,90,102,192,0.53125
64081,31,55,86,0.6395348837209303
64082,9,10,19,0.5263157894736842
64083,71,58,129,0.4496124031007752
64084,79,81,160,0.50625
64085,71,87,158,0.5506329113924051
64086,61,105,166,0.6325301204819277
64087,67,108,175,0.6171428571428571
64088,67,83,150,0.5533333333333333
64089,64,32,96,0.3333333333333333
64090,96,93,189,0.49206349206349204
64091,35,21,56,0.375
64092,45,58,103,0.5631067961165048
64093,79,88,167,0.5269461077844312
64094,0,0,0,0
64095,0,0,0,0
64096,0,0,0,0
64097,0,0,0,0
23001,74,25,99,0.25252525252525254
23002,89,30,119,0.25210084033613445
23003,76,31,107,0.2897196261682243
23004,14,6,20,0.3
23005,78,24,102,0.23529411764705882
23006,79,39,118,0.3305084745762712
23007,90,25,115,0.21739130434782608
23008,92,36,128,0.28125
23009,82,37,119,0.31092436974789917
23010,83,42,125,0.336
23011,91,42,133,0.3157894736842105
23012,107,63,170,0.37058823529411766
23013,100,50,150,0.3333333333333333
23014,125,55,180,0.3055555555555556
23015,81,49,130,0.3769230769230769
23016,72,55,127,0.4330708661417323
23017,71,73,144,0.5069444444444444
23018,59,85,144,0.5902777777777778
23019,80,68,148,0.4594594594594595
23020,0,0,0,0
23021,48,69,117,0.5897435897435898
23022,0,0,0,0
23023,74,47,121,0.3884297520661157
23024,102,92,194,0.4742268041237113
23025,88,59,147,0.4013605442176871
23026,133,74,207,0.357487922705314
23027,39,11,50,0.22
23028,56,24,80,0.3
23029,67,60,127,0.47244094488188976
23030,97,48,145,0.3310344827586207
23031,71,89,160,0.55625
23032,72,68,140,0.4857142857142857
23033,71,88,159,0.5534591194968553
23034,66,46,112,0.4107142857142857
23035,71,59,130,0.45384615384615384
23036,90,65,155,0.41935483870967744
23037,113,62,175,0.35428571428571426
23038,24,17,41,0.4146341463414634
23039,64,31,95,0.3263157894736842
23040,53,21,74,0.28378378378378377
23041,39,20,59,0.3389830508474576
23042,124,112,236,0.4745762711864407
23043,25,26,51,0.5098039215686274
23044,31,7,38,0.18421052631578946
23045,73,11,84,0.13095238095238096
23046,43,17,60,0.2833333333333333
23047,31,15,46,0.32608695652173914
23048,39,9,48,0.1875
23049,50,16,66,0.24242424242424243
23050,60,33,93,0.3548387096774194
23051,57,20,77,0.2597402597402597
23052,66,23,89,0.25842696629213485
23053,60,36,96,0.375
23054,40,30,70,0.42857142857142855
23055,63,36,99,0.36363636363636365
23056,45,34,79,0.43037974683544306
23057,65,38,103,0.36893203883495146
23058,55,36,91,0.3956043956043956
23059,52,30,82,0.36585365853658536
23060,48,23,71,0.323943661971831
23061,92,39,131,0.29770992366412213
23062,119,31,150,0.20666666666666667
23063,74,35,109,0.3211009174311927
23064,104,34,138,0.2463768115942029
23065,59,52,111,0.46846846846846846
23066,52,30,82,0.36585365853658536
23067,44,35,79,0.4430379746835443
23068,42,35,77,0.45454545454545453
23069,51,26,77,0.33766233766233766
23070,55,35,90,0.3888888888888889
23072,0,0,0,0
23073,0,0,0,0
23075,0,0,0,0
23084,48,21,69,0.30434782608695654
23085,58,46,104,0.4423076923076923
23086,68,36,104,0.34615384615384615
23087,53,45,98,0.45918367346938777
23088,75,37,112,0.33035714285714285
23089,38,33,71,0.4647887323943662
23090,40,9,49,0.1836734693877551
23091,6,2,8,0.25
23092,74,38,112,0.3392857142857143
23093,65,34,99,0.3434343434343434
24001,82,24,106,0.22641509433962265
24002,101,50,151,0.33112582781456956
24003,93,53,146,0.363013698630137
24004,61,34,95,0.35789473684210527
24005,70,38,108,0.35185185185185186
24006,78,47,125,0.376
24007,96,30,126,0.23809523809523808
24008,17,8,25,0.32
24010,34,13,47,0.2765957446808511
24011,41,31,72,0.4305555555555556
24012,15,2,17,0.11764705882352941
24013,98,62,160,0.3875
24014,75,39,114,0.34210526315789475
24015,55,32,87,0.367816091954023
24016,37,18,55,0.32727272727272727
24017,121,31,152,0.20394736842105263
24018,74,22,96,0.22916666666666666
24019,98,46,144,0.3194444444444444
24020,129,51,180,0.2833333333333333
24021,155,51,206,0.24757281553398058
24022,93,47,140,0.3357142857142857
24023,14,4,18,0.2222222222222222
24024,82,49,131,0.37404580152671757
24025,68,29,97,0.29896907216494845
24026,38,29,67,0.43283582089552236
24027,132,126,258,0.4883720930232558
24028,73,38,111,0.34234234234234234
24029,153,107,260,0.4115384615384615
24030,136,101,237,0.42616033755274263
24031,49,43,92,0.4673913043478261
24032,58,24,82,0.2926829268292683
24033,83,33,116,0.28448275862068967
24034,42,30,72,0.4166666666666667
24035,65,69,134,0.5149253731343284
24036,38,23,61,0.3770491803278688
24037,43,51,94,0.5425531914893617
24038,1,1,2,0.5
24039,9,4,13,0.3076923076923077
24040,102,98,200,0.49
24041,17,8,25,0.32
24042,30,30,60,0.5
24043,106,71,177,0.4011299435028249
24044,53,47,100,0.47
24045,53,51,104,0.49038461538461536
24046,66,62,128,0.484375
24047,66,45,111,0.40540540540540543
24048,24,15,39,0.38461538461538464
24049,131,97,228,0.42543859649122806
24050,63,38,101,0.37623762376237624
24051,95,41,136,0.3014705882352941
24052,56,47,103,0.4563106796116505
24053,83,58,141,0.41134751773049644
24054,101,65,166,0.39156626506024095
24055,72,68,140,0.4857142857142857
24056,7,5,12,0.4166666666666667
24057,29,31,60,0.5166666666666667
24058,18,17,35,0.4857142857142857
24059,63,39,102,0.38235294117647056
24060,15,6,21,0.2857142857142857
24061,58,31,89,0.34831460674157305
24062,78,50,128,0.390625
24063,47,48,95,0.5052631578947369
24064,46,27,73,0.3698630136986301
24065,45,22,67,0.3283582089552239
24066,41,23,64,0.359375
24067,55,40,95,0.42105263157894735
24068,52,24,76,0.3157894736842105
24069,35,22,57,0.38596491228070173
24070,44,24,68,0.35294117647058826
24071,53,33,86,0.38372093023255816
24072,74,20,94,0.2127659574468085
24073,62,34,96,0.3541666666666667
24074,60,47,107,0.4392523364485981
24075,46,23,69,0.3333333333333333
24076,58,18,76,0.23684210526315788
24077,67,29,96,0.3020833333333333
24078,44,45,89,0.5056179775280899
24079,60,37,97,0.38144329896907214
24080,0,0,0,0
24081,0,0,0,0
24082,0,0,0,0
24084,104,28,132,0.21212121212121213
24085,46,38,84,0.4523809523809524
24086,34,32,66,0.48484848484848486
24087,31,23,54,0.42592592592592593
24088,31,33,64,0.515625
24089,94,50,144,0.3472222222222222
24090,47,26,73,0.3561643835616438
24091,71,44,115,0.3826086956521739
25001,48,26,74,0.35135135135135137
25002,10,3,13,0.23076923076923078
25003,99,52,151,0.3443708609271523
25004,72,45,117,0.38461538461538464
25005,13,5,18,0.2777777777777778
25006,44,31,75,0.41333333333333333
25007,59,37,96,0.3854166666666667
25008,38,27,65,0.4153846153846154
25009,17,13,30,0.43333333333333335
25010,44,15,59,0.2542372881355932
25011,76,17,93,0.1827956989247312
25012,77,36,113,0.3185840707964602
25013,56,27,83,0.3253012048192771
25014,87,26,113,0.23008849557522124
25015,62,36,98,0.3673469387755102
25016,54,34,88,0.38636363636363635
25017,78,49,127,0.3858267716535433
25018,85,61,146,0.4178082191780822
25019,124,68,192,0.3541666666666667
25020,66,51,117,0.4358974358974359
25021,72,29,101,0.2871287128712871
25022,66,37,103,0.3592233009708738
25023,34,9,43,0.20930232558139536
25024,64,20,84,0.23809523809523808
25025,68,34,102,0.3333333333333333
25026,13,4,17,0.23529411764705882
25027,47,19,66,0.2878787878787879
25028,64,32,96,0.3333333333333333
25029,98,45,143,0.3146853146853147
25030,83,32,115,0.2782608695652174
25031,64,81,145,0.5586206896551724
25032,62,31,93,0.3333333333333333
25033,32,27,59,0.4576271186440678
25034,13,1,14,0.07142857142857142
25035,61,41,102,0.4019607843137255
25036,87,21,108,0.19444444444444445
25037,60,26,86,0.3023255813953488
25038,46,17,63,0.2698412698412698
25039,63,36,99,0.36363636363636365
25040,52,31,83,0.37349397590361444
25041,13,14,27,0.5185185185185185
25042,21,21,42,0.5
25043,64,31,95,0.3263157894736842
25044,55,27,82,0.32926829268292684
25045,38,20,58,0.3448275862068966
25046,29,29,58,0.5
25047,47,30,77,0.38961038961038963
25048,32,19,51,0.37254901960784315
25049,48,22,70,0.3142857142857143
25050,57,19,76,0.25
25051,52,24,76,0.3157894736842105
25052,58,37,95,0.3894736842105263
25053,91,68,159,0.4276729559748428
25054,87,55,142,0.3873239436619718
25055,72,32,104,0.3076923076923077
25056,44,15,59,0.2542372881355932
25057,52,21,73,0.2876712328767123
25058,56,34,90,0.37777777777777777
25059,59,35,94,0.3723404255319149
25060,23,18,41,0.43902439024390244
25061,60,26,86,0.3023255813953488
25062,45,36,81,0.4444444444444444
25063,27,23,50,0.46
25064,41,28,69,0.4057971014492754
25065,75,27,102,0.2647058823529412
25066,6,7,13,0.5384615384615384
25067,0,0,0,0
25068,27,30,57,0.5263157894736842
25069,19,14,33,0.42424242424242425
25070,35,22,57,0.38596491228070173
25071,95,50,145,0.3448275862068966
25072,48,20,68,0.29411764705882354
25073,43,27,70,0.38571428571428573
25074,32,20,52,0.38461538461538464
25075,52,31,83,0.37349397590361444
25076,41,21,62,0.3387096774193548
25077,27,20,47,0.425531914893617
25078,25,23,48,0.4791666666666667
25079,33,17,50,0.34
26001,18,7,25,0.28
26002,18,6,24,0.25
26003,69,33,102,0.3235294117647059
26004,58,35,93,0.3763440860215054
26005,30,21,51,0.4117647058823529
26006,58,30,88,0.3409090909090909
26007,44,16,60,0.26666666666666666
26008,105,40,145,0.27586206896551724
26009,125,30,155,0.1935483870967742
26010,100,39,139,0.2805755395683453
26011,46,29,75,0.38666666666666666
26012,66,39,105,0.37142857142857144
26013,55,45,100,0.45
26014,69,22,91,0.24175824175824176
26015,116,62,178,0.34831460674157305
26016,136,46,182,0.25274725274725274
26017,74,33,107,0.308411214953271
26018,55,25,80,0.3125
26019,60,30,90,0.3333333333333333
26020,145,72,217,0.3317972350230415
26021,95,35,130,0.2692307692307692
26022,118,43,161,0.2670807453416149
26023,136,59,195,0.30256410256410254
26024,152,47,199,0.23618090452261306
26025,105,29,134,0.21641791044776118
26026,153,58,211,0.27488151658767773
26027,102,42,144,0.2916666666666667
26028,73,47,120,0.39166666666666666
26029,73,50,123,0.4065040650406504
26030,106,53,159,0.3333333333333333
26031,85,62,147,0.4217687074829932
26032,80,46,126,0.36507936507936506
26033,104,65,169,0.38461538461538464
26034,101,32,133,0.24060150375939848
26035,79,34,113,0.3008849557522124
26036,37,14,51,0.27450980392156865
26037,58,48,106,0.4528301886792453
26038,9,1,10,0.1
26039,38,23,61,0.3770491803278688
26040,41,19,60,0.31666666666666665
26041,4,0,4,0.0
26042,53,24,77,0.3116883116883117
26043,26,18,44,0.4090909090909091
26044,22,13,35,0.37142857142857144
26045,116,27,143,0.1888111888111888
26046,121,51,172,0.29651162790697677
26047,149,34,183,0.18579234972677597
26048,89,34,123,0.2764227642276423
26049,79,31,110,0.2818181818181818
26050,77,41,118,0.3474576271186441
26051,34,22,56,0.39285714285714285
26052,51,40,91,0.43956043956043955
26053,66,60,126,0.47619047619047616
26054,66,34,100,0.34
26055,48,35,83,0.42168674698795183
26056,84,47,131,0.35877862595419846
26057,75,46,121,0.38016528925619836
26058,54,39,93,0.41935483870967744
26059,72,39,111,0.35135135135135137
26060,80,37,117,0.3162393162393162
26061,93,45,138,0.32608695652173914
26062,65,38,103,0.36893203883495146
26063,90,34,124,0.27419354838709675
26064,81,39,120,0.325
26065,52,25,77,0.3246753246753247
26066,89,45,134,0.3358208955223881
26067,83,32,115,0.2782608695652174
26068,67,39,106,0.36792452830188677
26069,64,24,88,0.2727272727272727
26070,74,47,121,0.3884297520661157
26071,184,46,230,0.2
26072,109,42,151,0.2781456953642384
26073,168,60,228,0.2631578947368421
26074,49,34,83,0.40963855421686746
26075,81,37,118,0.3135593220338983
26076,72,29,101,0.2871287128712871
26077,0,0,0,0
26078,0,0,0,0
26079,42,25,67,0.373134328358209
26080,51,21,72,0.2916666666666667
26081,80,39,119,0.3277310924369748
26082,27,41,68,0.6029411764705882
26083,76,35,111,0.3153153153153153
26084,189,49,238,0.20588235294117646
26085,54,19,73,0.2602739726027397
27001,74,23,97,0.23711340206185566
27002,57,34,91,0.37362637362637363
27003,65,44,109,0.4036697247706422
27004,56,43,99,0.43434343434343436
27005,62,67,129,0.5193798449612403
27006,125,137,262,0.5229007633587787
27007,114,108,222,0.4864864864864865
27008,59,79,138,0.572463768115942
27009,57,45,102,0.4411764705882353
27010,1,0,1,0.0
27011,64,49,113,0.4336283185840708
27012,59,48,107,0.4485981308411215
27013,110,88,198,0.4444444444444444
27014,123,110,233,0.4721030042918455
27015,67,62,129,0.4806201550387597
27016,63,57,120,0.475
27017,25,15,40,0.375
27018,8,2,10,0.2
27019,96,76,172,0.4418604651162791
27020,96,80,176,0.45454545454545453
27021,122,104,226,0.46017699115044247
27022,83,49,132,0.3712121212121212
27023,68,27,95,0.28421052631578947
27024,63,21,84,0.25
27025,97,11,108,0.10185185185185185
27026,64,10,74,0.13513513513513514
27027,44,7,51,0.13725490196078433
27028,69,50,119,0.42016806722689076
27029,46,36,82,0.43902439024390244
27030,71,16,87,0.1839080459770115
27031,11,11,22,0.5
27032,10,6,16,0.375
27033,10,6,16,0.375
27034,100,41,141,0.2907801418439716
27035,104,58,162,0.35802469135802467
27036,66,33,99,0.3333333333333333
27037,177,61,238,0.25630252100840334
27038,108,71,179,0.39664804469273746
27039,89,67,156,0.42948717948717946
27040,79,69,148,0.46621621621621623
27041,56,40,96,0.4166666666666667
27042,92,34,126,0.2698412698412698
27043,57,18,75,0.24
27044,79,39,118,0.3305084745762712
27045,85,60,145,0.41379310344827586
27046,13,8,21,0.38095238095238093
27047,36,31,67,0.4626865671641791
27048,36,23,59,0.3898305084745763
27049,39,32,71,0.4507042253521127
27050,57,29,86,0.3372093023255814
27051,61,13,74,0.17567567567567569
27052,59,39,98,0.3979591836734694
27053,39,26,65,0.4
27054,54,32,86,0.37209302325581395
27055,71,45,116,0.3879310344827586
27056,55,37,92,0.40217391304347827
27057,30,11,41,0.2682926829268293
27058,0,0,0,0
27059,50,31,81,0.38271604938271603
27060,53,28,81,0.345679012345679
27061,44,33,77,0.42857142857142855
27062,39,27,66,0.4090909090909091
27063,60,30,90,0.3333333333333333
27064,69,40,109,0.3669724770642202
27065,46,23,69,0.3333333333333333
27066,57,34,91,0.37362637362637363
27067,48,28,76,0.3684210526315789
27068,58,26,84,0.30952380952380953
27069,0,0,0,0
27070,0,0,0,0
27071,0,0,0,0
27072,0,0,0,0
27073,0,0,0,0
27074,0,0,0,0
27076,0,0,0,0
27077,0,0,0,0
27079,41,21,62,0.3387096774193548
27080,49,39,88,0.4431818181818182
27081,60,39,99,0.3939393939393939
27082,25,26,51,0.5098039215686274
27083,87,37,124,0.29838709677419356
27084,101,69,170,0.40588235294117647
27085,53,54,107,0.5046728971962616
27086,53,26,79,0.3291139240506329
27087,37,24,61,0.39344262295081966
27088,35,33,68,0.4852941176470588
27089,39,8,47,0.1702127659574468
28001,64,44,108,0.4074074074074074
28002,36,23,59,0.3898305084745763
28003,80,63,143,0.4405594405594406
28004,25,29,54,0.5370370370370371
28005,29,18,47,0.3829787234042553
28006,50,70,120,0.5833333333333334
28007,31,20,51,0.39215686274509803
28008,13,7,20,0.35
28009,58,47,105,0.44761904761904764
28010,66,45,111,0.40540540540540543
28011,52,41,93,0.44086021505376344
28012,69,84,153,0.5490196078431373
28013,1,3,4,0.75
28014,39,75,114,0.6578947368421053
28015,75,34,109,0.3119266055045872
28016,53,22,75,0.29333333333333333
28017,50,24,74,0.32432432432432434
28018,60,44,104,0.4230769230769231
28019,68,68,136,0.5
28020,69,73,142,0.5140845070422535
28021,72,53,125,0.424
28022,105,105,210,0.5
28023,93,104,197,0.5279187817258884
28024,68,57,125,0.456
28025,102,83,185,0.4486486486486487
28026,48,42,90,0.4666666666666667
28027,44,37,81,0.4567901234567901
28028,133,81,214,0.37850467289719625
28029,112,87,199,0.4371859296482412
28030,91,72,163,0.44171779141104295
28031,136,109,245,0.4448979591836735
28032,82,46,128,0.359375
28033,2,1,3,0.3333333333333333
28034,16,7,23,0.30434782608695654
28035,107,74,181,0.4088397790055249
28036,123,127,250,0.508
28037,92,86,178,0.48314606741573035
28038,76,59,135,0.43703703703703706
28039,62,52,114,0.45614035087719296
28040,93,69,162,0.42592592592592593
28041,63,47,110,0.42727272727272725
28042,108,82,190,0.43157894736842106
28043,85,53,138,0.38405797101449274
28044,45,21,66,0.3181818181818182
28045,86,32,118,0.2711864406779661
28046,72,41,113,0.36283185840707965
28047,115,95,210,0.4523809523809524
28048,131,78,209,0.37320574162679426
28049,55,45,100,0.45
28050,76,67,143,0.46853146853146854
28051,77,48,125,0.384
28052,18,12,30,0.4
28053,66,31,97,0.31958762886597936
28054,53,23,76,0.3026315789473684
28055,24,20,44,0.45454545454545453
28056,68,67,135,0.4962962962962963
28057,53,32,85,0.3764705882352941
28058,55,29,84,0.34523809523809523
28059,6,6,12,0.5
28060,45,20,65,0.3076923076923077
28061,61,43,104,0.41346153846153844
28062,38,33,71,0.4647887323943662
28063,61,46,107,0.42990654205607476
28064,31,30,61,0.4918032786885246
28065,71,48,119,0.40336134453781514
28066,75,67,142,0.47183098591549294
28067,71,79,150,0.5266666666666666
28068,97,64,161,0.39751552795031053
28069,81,74,155,0.4774193548387097
28070,42,22,64,0.34375
28071,45,20,65,0.3076923076923077
28072,52,24,76,0.3157894736842105
28073,55,22,77,0.2857142857142857
28074,59,23,82,0.2804878048780488
28075,75,33,108,0.3055555555555556
28076,64,25,89,0.2808988764044944
28077,65,26,91,0.2857142857142857
28078,33,36,69,0.5217391304347826
28079,0,0,0,0
28080,21,12,33,0.36363636363636365
28081,79,75,154,0.487012987012987
28082,42,21,63,0.3333333333333333
28083,56,38,94,0.40425531914893614
28084,53,36,89,0.4044943820224719
28085,10,3,13,0.23076923076923078
28086,47,37,84,0.44047619047619047
28087,87,76,163,0.4662576687116564
28088,53,42,95,0.4421052631578947
28089,34,32,66,0.48484848484848486
29001,62,60,122,0.4918032786885246
29002,75,71,146,0.4863013698630137
29003,70,68,138,0.4927536231884058
29004,37,22,59,0.3728813559322034
29005,36,25,61,0.4098360655737705
29006,100,108,208,0.5192307692307693
29007,13,7,20,0.35
29008,61,37,98,0.37755102040816324
29009,89,56,145,0.38620689655172413
29010,73,59,132,0.44696969696969696
29011,51,41,92,0.44565217391304346
29012,104,71,175,0.4057142857142857
29013,70,28,98,0.2857142857142857
29014,93,65,158,0.41139240506329117
29015,116,68,184,0.3695652173913043
29016,90,47,137,0.34306569343065696
29017,93,52,145,0.3586206896551724
29018,65,62,127,0.4881889763779528
29019,67,47,114,0.41228070175438597
29020,89,76,165,0.46060606060606063
29021,83,91,174,0.5229885057471264
29022,91,107,198,0.5404040404040404
29023,132,118,250,0.472
29024,158,174,332,0.5240963855421686
29025,123,167,290,0.5758620689655173
29026,167,163,330,0.49393939393939396
29027,123,123,246,0.5
29028,146,142,288,0.4930555555555556
29029,136,145,281,0.5160142348754448
29030,153,139,292,0.476027397260274
29031,138,139,277,0.5018050541516246
29032,129,127,256,0.49609375
29033,127,145,272,0.5330882352941176
29034,128,142,270,0.5259259259259259
29035,107,100,207,0.4830917874396135
29036,55,25,80,0.3125
29037,56,44,100,0.44
29038,90,50,140,0.35714285714285715
29039,61,73,134,0.5447761194029851
29040,77,73,150,0.4866666666666667
29041,114,95,209,0.45454545454545453
29042,81,95,176,0.5397727272727273
29043,83,87,170,0.5117647058823529
29044,116,105,221,0.4751131221719457
29045,126,97,223,0.4349775784753363
29046,92,74,166,0.4457831325301205
29047,84,77,161,0.4782608695652174
29048,97,97,194,0.5
29049,93,81,174,0.46551724137931033
29050,120,118,238,0.4957983193277311
29051,143,129,272,0.4742647058823529
29052,157,120,277,0.4332129963898917
29053,112,114,226,0.504424778761062
29054,120,137,257,0.5330739299610895
29055,111,136,247,0.5506072874493927
29056,89,82,171,0.47953216374269003
29057,138,100,238,0.42016806722689076
29058,120,137,257,0.5330739299610895
29059,143,142,285,0.4982456140350877
29060,157,145,302,0.48013245033112584
29061,167,160,327,0.4892966360856269
29062,202,144,346,0.4161849710982659
29063,170,148,318,0.46540880503144655
29064,153,114,267,0.42696629213483145
29065,120,123,243,0.5061728395061729
29066,146,115,261,0.44061302681992337
29067,98,119,217,0.5483870967741935
29068,123,97,220,0.4409090909090909
29069,35,46,81,0.5679012345679012
29070,87,76,163,0.4662576687116564
29071,71,92,163,0.5644171779141104
29072,51,50,101,0.49504950495049505
29073,63,38,101,0.37623762376237624
29074,87,100,187,0.5347593582887701
29075,104,138,242,0.5702479338842975
29076,77,44,121,0.36363636363636365
29077,82,79,161,0.4906832298136646
29078,93,71,164,0.4329268292682927
29079,120,107,227,0.4713656387665198
29080,92,100,192,0.5208333333333334
30001,19,14,33,0.42424242424242425
30002,80,43,123,0.34959349593495936
30003,2,0,2,0.0
30004,65,36,101,0.3564356435643564
30005,81,27,108,0.25
30006,86,30,116,0.25862068965517243
30007,74,39,113,0.34513274336283184
30008,72,31,103,0.30097087378640774
30009,59,15,74,0.20270270270270271
30010,72,41,113,0.36283185840707965
30011,53,29,82,0.35365853658536583
30012,59,16,75,0.21333333333333335
30013,57,31,88,0.3522727272727273
30014,37,17,54,0.3148148148148148
30015,51,22,73,0.3013698630136986
30016,49,30,79,0.379746835443038
30017,49,20,69,0.2898550724637681
30018,71,45,116,0.3879310344827586
30019,1,0,1,0.0
30020,24,18,42,0.42857142857142855
30021,53,43,96,0.4479166666666667
30022,60,29,89,0.3258426966292135
30023,91,44,135,0.32592592592592595
30024,75,39,114,0.34210526315789475
30025,70,26,96,0.2708333333333333
30026,66,30,96,0.3125
30027,57,44,101,0.43564356435643564
30028,0,0,0,0
30029,5,2,7,0.2857142857142857
30030,52,30,82,0.36585365853658536
30031,39,21,60,0.35
30032,8,9,17,0.5294117647058824
30033,14,12,26,0.46153846153846156
30036,29,28,57,0.49122807017543857
30037,79,35,114,0.30701754385964913
30038,47,100,147,0.6802721088435374
30039,136,80,216,0.37037037037037035
30040,71,40,111,0.36036036036036034
30041,30,35,65,0.5384615384615384
30042,57,56,113,0.49557522123893805
30043,57,58,115,0.5043478260869565
30044,88,70,158,0.4430379746835443
30045,76,88,164,0.5365853658536586
30046,64,122,186,0.6559139784946236
30047,68,98,166,0.5903614457831325
30048,145,115,260,0.4423076923076923
30049,85,129,214,0.602803738317757
30050,114,163,277,0.5884476534296029
30051,76,86,162,0.5308641975308642
30052,69,71,140,0.5071428571428571
30053,50,47,97,0.4845360824742268
30054,6,8,14,0.5714285714285714
30055,59,48,107,0.4485981308411215
30056,52,98,150,0.6533333333333333
30057,76,76,152,0.5
30058,65,64,129,0.49612403100775193
30059,94,84,178,0.47191011235955055
30060,57,97,154,0.6298701298701299
30061,92,72,164,0.43902439024390244
30062,32,50,82,0.6097560975609756
30063,23,63,86,0.7325581395348837
30064,32,59,91,0.6483516483516484
30065,60,101,161,0.6273291925465838
30066,53,111,164,0.676829268292683
30067,43,80,123,0.6504065040650406
30068,74,120,194,0.6185567010309279
30069,75,95,170,0.5588235294117647
30070,0,0,0,0
30071,0,0,0,0
30072,0,0,0,0
30073,58,18,76,0.23684210526315788
30074,43,28,71,0.39436619718309857
30075,35,27,62,0.43548387096774194
30076,91,127,218,0.5825688073394495
30077,75,86,161,0.5341614906832298
30078,30,88,118,0.7457627118644068
30079,45,86,131,0.6564885496183206
30080,46,70,116,0.603448275862069
30081,93,47,140,0.3357142857142857
30082,108,70,178,0.39325842696629215
31001,40,28,68,0.4117647058823529
31002,62,28,90,0.3111111111111111
31003,71,40,111,0.36036036036036034
31004,65,35,100,0.35
31005,57,26,83,0.3132530120481928
31006,4,2,6,0.3333333333333333
31007,64,21,85,0.24705882352941178
31008,47,26,73,0.3561643835616438
31009,67,18,85,0.21176470588235294
31010,94,43,137,0.31386861313868614
31011,106,56,162,0.345679012345679
31012,62,44,106,0.41509433962264153
31013,69,37,106,0.3490566037735849
31014,66,63,129,0.4883720930232558
31015,69,52,121,0.4297520661157025
31016,73,42,115,0.3652173913043478
31017,70,65,135,0.48148148148148145
31018,76,65,141,0.46099290780141844
31019,87,73,160,0.45625
31020,28,11,39,0.28205128205128205
31021,7,12,19,0.631578947368421
31022,55,42,97,0.4329896907216495
31023,53,26,79,0.3291139240506329
31024,68,47,115,0.40869565217391307
31025,77,40,117,0.3418803418803419
31026,75,32,107,0.29906542056074764
31027,52,25,77,0.3246753246753247
31028,43,18,61,0.29508196721311475
31029,109,101,210,0.48095238095238096
31031,0,7,7,1.0
31032,97,86,183,0.46994535519125685
31033,46,33,79,0.4177215189873418
31034,105,112,217,0.5161290322580645
31035,103,95,198,0.4797979797979798
31036,104,113,217,0.5207373271889401
31037,99,126,225,0.56
31038,146,160,306,0.5228758169934641
31039,66,85,151,0.5629139072847682
31040,160,135,295,0.4576271186440678
31041,125,94,219,0.4292237442922374
31042,80,108,188,0.574468085106383
31043,120,94,214,0.4392523364485981
31044,72,75,147,0.5102040816326531
31045,98,106,204,0.5196078431372549
31046,92,94,186,0.5053763440860215
31047,107,113,220,0.5136363636363637
31048,81,93,174,0.5344827586206896
31049,99,86,185,0.4648648648648649
31050,45,46,91,0.5054945054945055
31051,86,87,173,0.5028901734104047
31052,120,81,201,0.40298507462686567
31053,94,70,164,0.4268292682926829
31054,105,79,184,0.42934782608695654
31055,101,82,183,0.44808743169398907
31056,82,68,150,0.4533333333333333
31057,90,93,183,0.5081967213114754
31058,98,65,163,0.3987730061349693
31059,68,68,136,0.5
31060,0,0,0,0
31061,58,69,127,0.5433070866141733
31062,60,44,104,0.4230769230769231
31063,91,71,162,0.4382716049382716
31064,103,78,181,0.430939226519337
31065,0,0,0,0
31071,0,0,0,0
31072,0,0,0,0
31073,0,0,0,0
31074,0,0,0,0
31077,0,0,0,0
31078,98,67,165,0.40606060606060607
31079,111,75,186,0.4032258064516129
31080,32,29,61,0.47540983606557374
31081,51,37,88,0.42045454545454547
31082,59,52,111,0.46846846846846846
31083,100,63,163,0.38650306748466257
31084,108,98,206,0.47572815533980584
31085,62,62,124,0.5
31086,88,95,183,0.5191256830601093
32001,84,77,161,0.4782608695652174
32003,121,109,230,0.47391304347826085
32004,93,102,195,0.5230769230769231
32005,51,40,91,0.43956043956043955
32006,59,54,113,0.4778761061946903
32007,19,21,40,0.525
32008,24,8,32,0.25
32009,27,10,37,0.2702702702702703
32011,55,27,82,0.32926829268292684
32013,10,14,24,0.5833333333333334
32014,1,2,3,0.6666666666666666
32015,58,70,128,0.546875
32016,71,65,136,0.47794117647058826
32017,96,62,158,0.3924050632911392
32018,65,56,121,0.4628099173553719
32019,76,36,112,0.32142857142857145
32020,61,40,101,0.39603960396039606
32021,52,69,121,0.5702479338842975
32022,67,65,132,0.49242424242424243
32023,54,87,141,0.6170212765957447
32024,59,72,131,0.549618320610687
32025,64,71,135,0.5259259259259259
32026,54,75,129,0.5813953488372093
32027,116,91,207,0.4396135265700483
32028,84,94,178,0.5280898876404494
32029,106,75,181,0.4143646408839779
32030,100,83,183,0.453551912568306
32031,102,84,186,0.45161290322580644
32032,70,55,125,0.44
32033,105,110,215,0.5116279069767442
32034,101,110,211,0.5213270142180095
32035,88,83,171,0.4853801169590643
32036,84,75,159,0.4716981132075472
32037,63,97,160,0.60625
32038,125,86,211,0.4075829383886256
32039,124,96,220,0.43636363636363634
32040,90,91,181,0.5027624309392266
32041,116,102,218,0.46788990825688076
32042,117,93,210,0.44285714285714284
32043,179,131,310,0.42258064516129035
32044,46,34,80,0.425
32045,121,132,253,0.5217391304347826
32046,99,93,192,0.484375
32047,72,78,150,0.52
32048,96,74,170,0.43529411764705883
32049,91,112,203,0.5517241379310345
32050,113,78,191,0.4083769633507853
32051,98,107,205,0.5219512195121951
32052,112,74,186,0.3978494623655914
32053,96,101,197,0.5126903553299492
32054,81,86,167,0.5149700598802395
32055,94,97,191,0.5078534031413613
32056,44,35,79,0.4430379746835443
32057,152,109,261,0.41762452107279696
32058,138,119,257,0.46303501945525294
32059,111,104,215,0.48372093023255813
32060,128,121,249,0.4859437751004016
32061,82,86,168,0.5119047619047619
32062,153,174,327,0.5321100917431193
32063,155,139,294,0.47278911564625853
32064,167,136,303,0.44884488448844884
32065,157,150,307,0.48859934853420195
32066,183,162,345,0.46956521739130436
32067,153,124,277,0.44765342960288806
32068,128,156,284,0.5492957746478874
32069,143,194,337,0.5756676557863502
32070,154,162,316,0.5126582278481012
32071,149,126,275,0.4581818181818182
32072,123,102,225,0.4533333333333333
32073,115,124,239,0.5188284518828452
32074,90,67,157,0.4267515923566879
32075,147,152,299,0.5083612040133779
32077,87,86,173,0.49710982658959535
32078,86,92,178,0.5168539325842697
32079,131,77,208,0.3701923076923077
32080,48,65,113,0.5752212389380531
32081,58,48,106,0.4528301886792453
32082,67,75,142,0.528169014084507
32083,71,61,132,0.4621212121212121
32084,70,94,164,0.573170731707317
33001,68,26,94,0.2765957446808511
33002,69,34,103,0.3300970873786408
33003,53,40,93,0.43010752688172044
33004,59,29,88,0.32954545454545453
33005,64,34,98,0.3469387755102041
33006,79,46,125,0.368
33007,57,45,102,0.4411764705882353
33008,92,47,139,0.3381294964028777
33009,73,30,103,0.2912621359223301
33010,46,26,72,0.3611111111111111
33011,71,44,115,0.3826086956521739
33012,50,37,87,0.42528735632183906
33013,70,59,129,0.4573643410852713
33014,58,35,93,0.3763440860215054
33015,85,46,131,0.3511450381679389
33016,15,14,29,0.4827586206896552
33017,72,48,120,0.4
33018,62,27,89,0.30337078651685395
33019,100,47,147,0.3197278911564626
33020,76,47,123,0.3821138211382114
33021,94,63,157,0.4012738853503185
33022,70,49,119,0.4117647058823529
33023,87,55,142,0.3873239436619718
33024,69,39,108,0.3611111111111111
33025,98,53,151,0.3509933774834437
33026,92,54,146,0.3698630136986301
33027,90,41,131,0.31297709923664124
33028,92,63,155,0.4064516129032258
33029,117,131,248,0.5282258064516129
33030,95,93,188,0.4946808510638298
33031,112,120,232,0.5172413793103449
33032,110,146,256,0.5703125
33033,78,114,192,0.59375
33034,85,120,205,0.5853658536585366
33035,130,136,266,0.5112781954887218
33036,123,129,252,0.5119047619047619
33037,121,137,258,0.5310077519379846
33038,122,120,242,0.49586776859504134
33039,123,106,229,0.462882096069869
33040,110,89,199,0.4472361809045226
33041,115,130,245,0.5306122448979592
33042,124,95,219,0.4337899543378995
33043,76,65,141,0.46099290780141844
33044,100,130,230,0.5652173913043478
33045,156,120,276,0.43478260869565216
33046,100,129,229,0.5633187772925764
33047,115,87,202,0.4306930693069307
33048,110,78,188,0.4148936170212766
33049,86,70,156,0.44871794871794873
33050,90,76,166,0.4578313253012048
33051,109,80,189,0.42328042328042326
33052,120,82,202,0.40594059405940597
33053,129,105,234,0.44871794871794873
33054,153,97,250,0.388
33055,109,116,225,0.5155555555555555
33056,161,115,276,0.4166666666666667
33057,134,128,262,0.48854961832061067
33058,131,126,257,0.490272373540856
33059,148,122,270,0.45185185185185184
33060,115,129,244,0.5286885245901639
33061,92,92,184,0.5
33062,130,118,248,0.47580645161290325
33063,144,127,271,0.46863468634686345
33064,139,122,261,0.4674329501915709
33065,186,168,354,0.4745762711864407
33066,162,120,282,0.425531914893617
33067,151,124,275,0.4509090909090909
33068,164,126,290,0.43448275862068964
33069,149,132,281,0.4697508896797153
33070,156,142,298,0.47651006711409394
33071,157,134,291,0.46048109965635736
33072,124,99,223,0.4439461883408072
33073,99,76,175,0.4342857142857143
33074,85,47,132,0.3560606060606061
33075,80,38,118,0.3220338983050847
33076,104,76,180,0.4222222222222222
33077,103,99,202,0.4900990099009901
33078,119,126,245,0.5142857142857142
33079,69,79,148,0.5337837837837838
34001,43,24,67,0.3582089552238806
34002,34,36,70,0.5142857142857142
34003,58,65,123,0.5284552845528455
34004,50,39,89,0.43820224719101125
34005,48,40,88,0.45454545454545453
34006,32,29,61,0.47540983606557374
34007,34,44,78,0.5641025641025641
34008,89,88,177,0.4971751412429379
34009,65,77,142,0.5422535211267606
34010,31,42,73,0.5753424657534246
34011,40,32,72,0.4444444444444444
34012,42,39,81,0.48148148148148145
34013,67,48,115,0.41739130434782606
34014,40,58,98,0.5918367346938775
34015,78,105,183,0.5737704918032787
34016,124,137,261,0.524904214559387
34017,111,87,198,0.4393939393939394
34018,30,41,71,0.5774647887323944
34019,134,93,227,0.40969162995594716
34020,97,42,139,0.302158273381295
34021,30,39,69,0.5652173913043478
34022,113,135,248,0.5443548387096774
34023,65,92,157,0.5859872611464968
34024,77,121,198,0.6111111111111112
34025,134,182,316,0.5759493670886076
34026,94,132,226,0.584070796460177
34027,66,90,156,0.5769230769230769
34028,65,85,150,0.5666666666666667
34029,79,62,141,0.4397163120567376
34030,1,2,3,0.6666666666666666
34031,15,31,46,0.6739130434782609
34032,7,6,13,0.46153846153846156
34033,8,10,18,0.5555555555555556
34034,13,10,23,0.43478260869565216
34035,46,68,114,0.5964912280701754
34036,67,74,141,0.524822695035461
34037,37,51,88,0.5795454545454546
34038,63,52,115,0.45217391304347826
34039,42,44,86,0.5116279069767442
34040,53,33,86,0.38372093023255816
34041,53,39,92,0.42391304347826086
34042,26,35,61,0.5737704918032787
34043,25,17,42,0.40476190476190477
34044,20,29,49,0.5918367346938775
34045,43,58,101,0.5742574257425742
34046,49,61,110,0.5545454545454546
34047,4,4,8,0.5
34048,25,30,55,0.5454545454545454
34049,38,52,90,0.5777777777777777
34050,53,40,93,0.43010752688172044
34051,56,47,103,0.4563106796116505
34052,43,62,105,0.5904761904761905
34053,4,8,12,0.6666666666666666
34056,9,8,17,0.47058823529411764
34057,19,10,29,0.3448275862068966
34060,53,47,100,0.47
34061,5,2,7,0.2857142857142857
34062,16,5,21,0.23809523809523808
34063,134,209,343,0.60932944606414
34064,0,0,0,0
34065,54,54,108,0.5
34066,58,46,104,0.4423076923076923
34067,52,43,95,0.45263157894736844
34068,101,120,221,0.5429864253393665
34069,76,95,171,0.5555555555555556
34070,17,15,32,0.46875
34071,46,57,103,0.5533980582524272
34072,113,82,195,0.4205128205128205
34073,43,24,67,0.3582089552238806
35001,7,9,16,0.5625
35002,50,33,83,0.39759036144578314
35003,55,34,89,0.38202247191011235
35004,47,44,91,0.4835164835164835
35005,45,43,88,0.48863636363636365
35006,58,39,97,0.4020618556701031
35007,43,44,87,0.5057471264367817
35008,39,31,70,0.44285714285714284
35009,65,26,91,0.2857142857142857
35010,71,31,102,0.30392156862745096
35011,53,40,93,0.43010752688172044
35012,58,54,112,0.48214285714285715
35013,60,49,109,0.44954128440366975
35014,24,26,50,0.52
35015,128,111,239,0.46443514644351463
35016,107,124,231,0.5367965367965368
35017,108,87,195,0.4461538461538462
35018,147,134,281,0.47686832740213525
35019,67,75,142,0.528169014084507
35020,112,144,256,0.5625
35021,89,40,129,0.31007751937984496
35022,101,90,191,0.4712041884816754
35023,45,22,67,0.3283582089552239
35024,71,35,106,0.330188679245283
35025,125,164,289,0.5674740484429066
35026,49,28,77,0.36363636363636365
35027,37,23,60,0.38333333333333336
35028,32,34,66,0.5151515151515151
35029,0,0,0,0
35030,22,13,35,0.37142857142857144
35031,0,0,0,0
35032,54,35,89,0.39325842696629215
35033,60,57,117,0.48717948717948717
35034,0,0,0,0
35035,64,36,100,0.36
35036,4,5,9,0.5555555555555556
35037,44,42,86,0.4883720930232558
35038,94,118,212,0.5566037735849056
35039,35,28,63,0.4444444444444444
35040,39,34,73,0.4657534246575342
35041,59,69,128,0.5390625
35042,79,61,140,0.4357142857142857
35043,88,69,157,0.4394904458598726
35044,75,80,155,0.5161290322580645
35045,55,74,129,0.5736434108527132
35046,94,89,183,0.48633879781420764
35047,94,113,207,0.5458937198067633
35048,112,108,220,0.4909090909090909
35049,46,27,73,0.3698630136986301
35050,67,38,105,0.3619047619047619
35051,70,55,125,0.44
35052,131,88,219,0.4018264840182648
35053,99,110,209,0.5263157894736842
35054,0,0,0,0
35055,0,0,0,0
35056,0,0,0,0
35057,0,0,0,0
35059,0,0,0,0
35061,0,0,0,0
35063,45,41,86,0.47674418604651164
35064,62,35,97,0.36082474226804123
35065,54,65,119,0.5462184873949579
35066,89,87,176,0.4943181818181818
36001,124,133,257,0.5175097276264592
36002,105,76,181,0.4198895027624309
36003,40,68,108,0.6296296296296297
36004,47,120,167,0.718562874251497
36005,38,90,128,0.703125
36006,56,141,197,0.7157360406091371
36007,43,90,133,0.6766917293233082
36008,83,104,187,0.5561497326203209
36009,36,66,102,0.6470588235294118
36010,42,89,131,0.6793893129770993
36011,59,79,138,0.572463768115942
36012,43,105,148,0.7094594594594594
36013,73,91,164,0.5548780487804879
36014,62,85,147,0.5782312925170068
36015,51,115,166,0.6927710843373494
36016,62,108,170,0.6352941176470588
36017,58,136,194,0.7010309278350515
36018,70,137,207,0.6618357487922706
36019,45,129,174,0.7413793103448276
36020,77,122,199,0.6130653266331658
36021,65,135,200,0.675
36022,55,144,199,0.7236180904522613
36023,43,100,143,0.6993006993006993
36024,49,99,148,0.668918918918919
36025,44,99,143,0.6923076923076923
36026,58,87,145,0.6
36027,50,118,168,0.7023809523809523
36028,52,106,158,0.6708860759493671
36029,45,60,105,0.5714285714285714
36030,60,105,165,0.6363636363636364
36031,62,86,148,0.581081081081081
36032,48,98,146,0.6712328767123288
36033,48,64,112,0.5714285714285714
36034,51,111,162,0.6851851851851852
36035,63,90,153,0.5882352941176471
36036,93,144,237,0.6075949367088608
36037,40,105,145,0.7241379310344828
36038,67,99,166,0.5963855421686747
36039,58,123,181,0.6795580110497238
36040,92,146,238,0.6134453781512605
36041,93,110,203,0.541871921182266
36042,79,101,180,0.5611111111111111
36043,12,9,21,0.42857142857142855
36044,11,5,16,0.3125
36045,56,91,147,0.6190476190476191
36046,42,36,78,0.46153846153846156
36047,67,39,106,0.36792452830188677
36048,50,41,91,0.45054945054945056
36049,51,149,200,0.745
36050,14,19,33,0.5757575757575758
36051,11,10,21,0.47619047619047616
36052,78,157,235,0.6680851063829787
36053,65,76,141,0.5390070921985816
36054,64,72,136,0.5294117647058824
36055,64,110,174,0.632183908045977
36056,49,126,175,0.72
36057,70,88,158,0.5569620253164557
36058,61,131,192,0.6822916666666666
36059,68,102,170,0.6
36060,59,79,138,0.572463768115942
36061,84,113,197,0.5736040609137056
36062,56,97,153,0.6339869281045751
36063,71,53,124,0.4274193548387097
36064,66,131,197,0.6649746192893401
36065,17,39,56,0.6964285714285714
36066,37,95,132,0.7196969696969697
36067,46,101,147,0.6870748299319728
36068,0,0,0,0
36069,0,0,0,0
36070,0,0,0,0
36071,0,0,0,0
36072,68,109,177,0.615819209039548
36073,74,178,252,0.7063492063492064
36074,42,100,142,0.704225352112676
36075,58,85,143,0.5944055944055944
36076,79,122,201,0.6069651741293532
36077,64,165,229,0.7205240174672489
36078,95,81,176,0.4602272727272727
36079,55,48,103,0.46601941747572817
36080,53,89,142,0.6267605633802817
36081,66,139,205,0.6780487804878049
36082,50,102,152,0.6710526315789473
36083,47,27,74,0.36486486486486486
37001,78,90,168,0.5357142857142857
37002,125,123,248,0.4959677419354839
37003,143,139,282,0.4929078014184397
37004,190,168,358,0.4692737430167598
37005,43,78,121,0.6446280991735537
37006,59,48,107,0.4485981308411215
37007,69,46,115,0.4
37008,111,83,194,0.42783505154639173
37009,67,54,121,0.4462809917355372
37010,82,62,144,0.4305555555555556
37011,43,100,143,0.6993006993006993
37012,88,54,142,0.38028169014084506
37013,84,77,161,0.4782608695652174
37014,94,69,163,0.4233128834355828
37015,80,71,151,0.47019867549668876
37016,87,85,172,0.4941860465116279
37017,81,94,175,0.5371428571428571
37018,68,147,215,0.6837209302325581
37019,54,89,143,0.6223776223776224
37020,67,121,188,0.6436170212765957
37021,102,131,233,0.5622317596566524
37022,75,176,251,0.701195219123506
37023,101,159,260,0.6115384615384616
37024,92,249,341,0.7302052785923754
37025,9,7,16,0.4375
37027,128,210,338,0.621301775147929
37028,71,212,283,0.7491166077738516
37029,96,149,245,0.6081632653061224
37030,84,105,189,0.5555555555555556
37031,86,118,204,0.5784313725490197
37032,74,121,195,0.6205128205128205
37033,51,92,143,0.6433566433566433
37034,68,74,142,0.5211267605633803
37035,76,68,144,0.4722222222222222
37036,82,114,196,0.5816326530612245
37037,111,170,281,0.604982206405694
37038,61,129,190,0.6789473684210526
37039,82,107,189,0.5661375661375662
37040,0,0,0,0
37041,18,13,31,0.41935483870967744
37042,39,25,64,0.390625
37043,37,18,55,0.32727272727272727
37044,36,22,58,0.3793103448275862
37045,33,57,90,0.6333333333333333
37046,35,54,89,0.6067415730337079
37047,52,71,123,0.5772357723577236
37048,45,97,142,0.6830985915492958
37049,57,61,118,0.5169491525423728
37050,48,85,133,0.6390977443609023
37051,0,8,8,1.0
37052,19,38,57,0.6666666666666666
37053,16,20,36,0.5555555555555556
37054,25,32,57,0.5614035087719298
37056,31,123,154,0.7987012987012987
37057,32,86,118,0.7288135593220338
37058,49,114,163,0.6993865030674846
37059,68,96,164,0.5853658536585366
37060,6,6,12,0.5
37061,30,53,83,0.6385542168674698
37062,38,43,81,0.5308641975308642
37063,77,86,163,0.5276073619631901
37064,114,127,241,0.5269709543568465
37065,57,86,143,0.6013986013986014
37066,0,0,0,0
37067,52,95,147,0.6462585034013606
37068,36,56,92,0.6086956521739131
37069,0,0,0,0
37070,0,0,0,0
37071,0,0,0,0
37075,59,124,183,0.6775956284153005
37076,26,62,88,0.7045454545454546
37077,87,114,201,0.5671641791044776
37078,92,159,251,0.6334661354581673
37079,66,159,225,0.7066666666666667
37080,66,127,193,0.6580310880829016
37081,41,106,147,0.7210884353741497
37082,71,119,190,0.6263157894736842
37083,85,125,210,0.5952380952380952
37084,32,58,90,0.6444444444444445
37085,35,17,52,0.3269230769230769
37086,30,70,100,0.7
37087,63,112,175,0.64
37088,25,39,64,0.609375
38001,47,72,119,0.6050420168067226
38002,36,74,110,0.6727272727272727
38003,46,91,137,0.6642335766423357
38004,53,95,148,0.6418918918918919
38005,80,79,159,0.4968553459119497
38006,46,99,145,0.6827586206896552
38007,60,66,126,0.5238095238095238
38008,49,86,135,0.6370370370370371
38009,47,44,91,0.4835164835164835
38010,43,34,77,0.44155844155844154
38011,0,0,0,0
38012,38,26,64,0.40625
38013,29,29,58,0.5
38014,61,32,93,0.34408602150537637
38015,19,13,32,0.40625
38016,60,47,107,0.4392523364485981
38017,59,37,96,0.3854166666666667
38018,40,17,57,0.2982456140350877
38019,38,32,70,0.45714285714285713
38020,15,5,20,0.25
38021,38,25,63,0.3968253968253968
38022,74,33,107,0.308411214953271
38023,56,29,85,0.3411764705882353
38024,48,40,88,0.45454545454545453
38025,52,39,91,0.42857142857142855
38026,50,36,86,0.4186046511627907
38027,55,42,97,0.4329896907216495
38028,69,34,103,0.3300970873786408
38029,54,42,96,0.4375
38030,74,34,108,0.3148148148148148
38031,51,47,98,0.47959183673469385
38032,52,38,90,0.4222222222222222
38033,49,23,72,0.3194444444444444
38034,27,16,43,0.37209302325581395
38035,13,2,15,0.13333333333333333
38036,21,5,26,0.19230769230769232
38037,21,18,39,0.46153846153846156
38038,36,15,51,0.29411764705882354
38039,57,19,76,0.25
38040,50,13,63,0.20634920634920634
38041,67,36,103,0.34951456310679613
38042,39,24,63,0.38095238095238093
38043,48,24,72,0.3333333333333333
38044,59,29,88,0.32954545454545453
38045,23,11,34,0.3235294117647059
38046,30,37,67,0.5522388059701493
38047,57,33,90,0.36666666666666664
38048,48,40,88,0.45454545454545453
38049,43,27,70,0.38571428571428573
38050,46,30,76,0.39473684210526316
38051,76,39,115,0.3391304347826087
38052,62,46,108,0.42592592592592593
38053,22,20,42,0.47619047619047616
38054,71,48,119,0.40336134453781514
38055,63,43,106,0.4056603773584906
38056,68,43,111,0.38738738738738737
38057,57,38,95,0.4
38058,88,48,136,0.35294117647058826
38059,68,45,113,0.39823008849557523
38060,0,0,0,0
38061,0,0,0,0
38062,55,104,159,0.6540880503144654
38063,60,32,92,0.34782608695652173
38064,33,79,112,0.7053571428571429
38065,39,34,73,0.4657534246575342
38066,46,25,71,0.352112676056338
38067,58,23,81,0.2839506172839506
38068,31,27,58,0.46551724137931033
38069,42,28,70,0.4
38070,66,43,109,0.3944954128440367
38071,44,40,84,0.47619047619047616
39001,54,52,106,0.49056603773584906
39002,24,23,47,0.48936170212765956
39003,54,53,107,0.4953271028037383
39004,58,50,108,0.46296296296296297
39005,64,35,99,0.35353535353535354
39006,41,31,72,0.4305555555555556
39007,93,60,153,0.39215686274509803
39008,44,35,79,0.4430379746835443
39009,39,43,82,0.524390243902439
39010,51,62,113,0.5486725663716814
39011,46,23,69,0.3333333333333333
39012,62,55,117,0.4700854700854701
39013,47,49,96,0.5104166666666666
39014,49,33,82,0.4024390243902439
39015,86,82,168,0.4880952380952381
39016,98,57,155,0.36774193548387096
39017,96,78,174,0.4482758620689655
39018,94,115,209,0.5502392344497608
39019,92,144,236,0.6101694915254238
39020,2,6,8,0.75
39021,6,9,15,0.6
39022,22,13,35,0.37142857142857144
39023,59,32,91,0.3516483516483517
39024,24,21,45,0.4666666666666667
39025,56,44,100,0.44
39026,31,39,70,0.5571428571428572
39027,51,33,84,0.39285714285714285
39028,18,11,29,0.3793103448275862
39029,56,38,94,0.40425531914893614
39030,68,47,115,0.40869565217391307
39031,28,47,75,0.6266666666666667
39032,34,23,57,0.40350877192982454
39033,33,25,58,0.43103448275862066
39034,64,56,120,0.4666666666666667
39035,41,18,59,0.3050847457627119
39036,5,6,11,0.5454545454545454
39037,49,45,94,0.4787234042553192
39038,52,40,92,0.43478260869565216
39039,0,0,0,0
39040,11,20,31,0.6451612903225806
39041,59,66,125,0.528
39042,15,8,23,0.34782608695652173
39043,66,61,127,0.48031496062992124
39044,78,125,203,0.6157635467980296
39045,71,169,240,0.7041666666666667
39046,121,212,333,0.6366366366366366
39047,135,177,312,0.5673076923076923
39048,50,53,103,0.5145631067961165
39049,101,112,213,0.5258215962441315
39050,27,27,54,0.5
39051,79,84,163,0.5153374233128835
39052,44,43,87,0.4942528735632184
39053,43,35,78,0.44871794871794873
39054,38,44,82,0.5365853658536586
39055,36,27,63,0.42857142857142855
39056,98,157,255,0.615686274509804
40001,51,25,76,0.32894736842105265
40002,46,32,78,0.41025641025641024
40003,51,25,76,0.32894736842105265
40004,57,28,85,0.32941176470588235
40005,38,15,53,0.2830188679245283
40006,53,25,78,0.32051282051282054
40007,50,49,99,0.494949494949495
40008,46,17,63,0.2698412698412698
40009,74,46,120,0.38333333333333336
40010,2,0,2,0.0
40011,8,8,16,0.5
40012,7,1,8,0.125
40013,85,45,130,0.34615384615384615
40014,74,31,105,0.29523809523809524
40015,91,34,125,0.272
40016,58,30,88,0.3409090909090909
40017,21,16,37,0.43243243243243246
40018,34,20,54,0.37037037037037035
40019,63,34,97,0.35051546391752575
40020,65,43,108,0.39814814814814814
40021,19,16,35,0.45714285714285713
40022,89,61,150,0.4066666666666667
40023,53,41,94,0.43617021276595747
40024,46,30,76,0.39473684210526316
40025,73,26,99,0.26262626262626265
40026,38,21,59,0.3559322033898305
40027,41,21,62,0.3387096774193548
40028,37,18,55,0.32727272727272727
40029,31,27,58,0.46551724137931033
40030,41,24,65,0.36923076923076925
40031,44,21,65,0.3230769230769231
40032,31,20,51,0.39215686274509803
40033,67,29,96,0.3020833333333333
40034,32,20,52,0.38461538461538464
40035,80,68,148,0.4594594594594595
40036,71,37,108,0.3425925925925926
40037,66,38,104,0.36538461538461536
40038,55,25,80,0.3125
40039,62,31,93,0.3333333333333333
40040,47,56,103,0.5436893203883495
40041,42,15,57,0.2631578947368421
40042,55,36,91,0.3956043956043956
40043,45,30,75,0.4
40044,43,21,64,0.328125
40045,33,29,62,0.46774193548387094
40046,33,22,55,0.4
40047,85,35,120,0.2916666666666667
40048,126,54,180,0.3
40049,46,30,76,0.39473684210526316
40050,85,80,165,0.48484848484848486
40051,68,81,149,0.5436241610738255
40052,44,9,53,0.16981132075471697
40053,37,24,61,0.39344262295081966
40054,0,0,0,0
40056,60,24,84,0.2857142857142857
40057,50,32,82,0.3902439024390244
40058,65,35,100,0.35
40059,54,27,81,0.3333333333333333
40060,50,27,77,0.35064935064935066
61001,112,147,259,0.5675675675675675
61002,103,151,254,0.594488188976378
61003,105,132,237,0.5569620253164557
61004,73,68,141,0.48226950354609927
61005,76,70,146,0.4794520547945205
61006,48,31,79,0.3924050632911392
61007,102,99,201,0.4925373134328358
61008,49,64,113,0.5663716814159292
61009,119,131,250,0.524
61010,123,103,226,0.4557522123893805
61011,85,84,169,0.4970414201183432
61012,121,118,239,0.49372384937238495
61013,92,79,171,0.4619883040935672
61014,87,64,151,0.423841059602649
61015,51,62,113,0.5486725663716814
61016,98,85,183,0.4644808743169399
61017,83,100,183,0.546448087431694
61018,66,61,127,0.48031496062992124
61019,78,72,150,0.48
61020,57,52,109,0.47706422018348627
61021,77,96,173,0.5549132947976878
61022,92,79,171,0.4619883040935672
61023,58,69,127,0.5433070866141733
61024,68,52,120,0.43333333333333335
61025,76,83,159,0.5220125786163522
61026,75,75,150,0.5
61027,66,70,136,0.5147058823529411
61028,36,65,101,0.6435643564356436
61029,69,42,111,0.3783783783783784
61030,62,51,113,0.45132743362831856
61031,93,84,177,0.4745762711864407
61032,87,68,155,0.43870967741935485
61033,58,85,143,0.5944055944055944
61034,40,13,53,0.24528301886792453
61035,38,16,54,0.2962962962962963
61036,30,15,45,0.3333333333333333
61037,66,63,129,0.4883720930232558
61038,90,49,139,0.35251798561151076
61039,76,47,123,0.3821138211382114
61040,89,32,121,0.2644628099173554
61041,49,15,64,0.234375
61042,91,49,140,0.35
61043,48,27,75,0.36
61044,56,22,78,0.28205128205128205
61045,51,22,73,0.3013698630136986
61046,59,30,89,0.33707865168539325
61047,56,14,70,0.2
61048,47,17,64,0.265625
61049,37,61,98,0.6224489795918368
61050,61,51,112,0.45535714285714285
61051,87,90,177,0.5084745762711864
61052,53,42,95,0.4421052631578947
61053,81,105,186,0.5645161290322581
61054,55,78,133,0.5864661654135338
61055,91,96,187,0.5133689839572193
61056,68,74,142,0.5211267605633803
61057,81,64,145,0.4413793103448276
61058,114,82,196,0.41836734693877553
61059,78,91,169,0.5384615384615384
61060,53,49,102,0.4803921568627451
61061,128,68,196,0.3469387755102041
61062,49,34,83,0.40963855421686746
61063,26,6,32,0.1875
61064,21,32,53,0.6037735849056604
61065,80,128,208,0.6153846153846154
61066,85,77,162,0.47530864197530864
61067,64,76,140,0.5428571428571428
61068,64,64,128,0.5
61069,75,79,154,0.512987012987013
61070,62,58,120,0.48333333333333334
61071,70,36,106,0.33962264150943394
61072,70,42,112,0.375
61073,120,110,230,0.4782608695652174
61074,41,51,92,0.5543478260869565
61075,54,51,105,0.4857142857142857
61076,91,59,150,0.3933333333333333
61077,46,72,118,0.6101694915254238
61078,37,52,89,0.5842696629213483
61079,0,0,0,0
62001,27,6,33,0.18181818181818182
62002,54,10,64,0.15625
62003,23,14,37,0.3783783783783784
62004,43,20,63,0.31746031746031744
62005,16,5,21,0.23809523809523808
62006,28,16,44,0.36363636363636365
62007,33,22,55,0.4
62008,38,6,44,0.13636363636363635
62009,24,14,38,0.3684210526315789
62010,17,4,21,0.19047619047619047
62011,27,12,39,0.3076923076923077
62012,32,7,39,0.1794871794871795
62013,46,10,56,0.17857142857142858
62014,20,12,32,0.375
62015,26,14,40,0.35
62016,47,14,61,0.22950819672131148
62017,21,9,30,0.3
62018,19,7,26,0.2692307692307692
62019,25,7,32,0.21875
62020,21,14,35,0.4
62021,32,5,37,0.13513513513513514
62022,30,13,43,0.3023255813953488
62023,16,2,18,0.1111111111111111
62024,40,8,48,0.16666666666666666
62025,23,8,31,0.25806451612903225
62026,91,18,109,0.1651376146788991
62027,37,18,55,0.32727272727272727
62028,32,13,45,0.28888888888888886
62029,18,11,29,0.3793103448275862
62030,22,8,30,0.26666666666666666
62031,28,17,45,0.37777777777777777
62032,29,9,38,0.23684210526315788
62033,20,16,36,0.4444444444444444
62034,31,5,36,0.1388888888888889
62035,18,14,32,0.4375
62036,28,13,41,0.3170731707317073
62037,38,14,52,0.2692307692307692
62038,62,18,80,0.225
62039,34,15,49,0.30612244897959184
62040,31,11,42,0.2619047619047619
62041,28,15,43,0.3488372093023256
62042,36,13,49,0.2653061224489796
62043,24,12,36,0.3333333333333333
62044,40,19,59,0.3220338983050847
62045,18,5,23,0.21739130434782608
62046,39,17,56,0.30357142857142855
62047,44,13,57,0.22807017543859648
62048,47,9,56,0.16071428571428573
62049,64,19,83,0.2289156626506024
62050,39,10,49,0.20408163265306123
62051,49,10,59,0.1694915254237288
62052,37,28,65,0.4307692307692308
62053,55,11,66,0.16666666666666666
62054,42,9,51,0.17647058823529413
62055,39,27,66,0.4090909090909091
62056,53,18,71,0.2535211267605634
62057,46,10,56,0.17857142857142858
62058,35,14,49,0.2857142857142857
62059,39,8,47,0.1702127659574468
62060,46,19,65,0.2923076923076923
62061,48,12,60,0.2
62062,42,8,50,0.16
62063,31,17,48,0.3541666666666667
62064,25,13,38,0.34210526315789475
62065,38,10,48,0.20833333333333334
62066,45,12,57,0.21052631578947367
62067,37,13,50,0.26
62068,37,22,59,0.3728813559322034
62069,32,22,54,0.4074074074074074
62070,15,10,25,0.4
62071,55,13,68,0.19117647058823528
62072,21,12,33,0.36363636363636365
62073,45,10,55,0.18181818181818182
62074,35,19,54,0.35185185185185186
62075,37,7,44,0.1590909090909091
62076,13,11,24,0.4583333333333333
62077,34,9,43,0.20930232558139536
62078,25,14,39,0.358974358974359
62079,11,6,17,0.35294117647058826
62080,24,6,30,0.2
62081,26,5,31,0.16129032258064516
62082,36,14,50,0.28
62083,25,6,31,0.1935483870967742
62084,27,6,33,0.18181818181818182
62085,50,13,63,0.20634920634920634
62086,44,14,58,0.2413793103448276
62087,0,0,0,0
62088,0,0,0,0
63001,55,10,65,0.15384615384615385
63002,63,24,87,0.27586206896551724
63003,51,14,65,0.2153846153846154
63004,47,9,56,0.16071428571428573
63005,32,11,43,0.2558139534883721
63006,34,8,42,0.19047619047619047
63007,49,32,81,0.3950617283950617
63008,36,10,46,0.21739130434782608
63009,3,2,5,0.4
63010,44,27,71,0.38028169014084506
63011,57,18,75,0.24
63012,49,6,55,0.10909090909090909
63013,67,28,95,0.29473684210526313
63014,51,11,62,0.1774193548387097
63015,57,22,79,0.27848101265822783
63016,36,18,54,0.3333333333333333
63017,17,16,33,0.48484848484848486
63018,42,19,61,0.3114754098360656
63019,30,24,54,0.4444444444444444
63020,54,10,64,0.15625
63021,37,17,54,0.3148148148148148
63022,34,18,52,0.34615384615384615
63023,57,15,72,0.20833333333333334
63024,69,17,86,0.19767441860465115
63025,27,22,49,0.4489795918367347
63026,49,14,63,0.2222222222222222
63027,44,14,58,0.2413793103448276
63028,42,2,44,0.045454545454545456
63029,58,22,80,0.275
63030,38,24,62,0.3870967741935484
63031,66,24,90,0.26666666666666666
63032,69,33,102,0.3235294117647059
63033,63,29,92,0.31521739130434784
63034,44,14,58,0.2413793103448276
63035,49,14,63,0.2222222222222222
63036,86,40,126,0.31746031746031744
63037,74,44,118,0.3728813559322034
63038,76,75,151,0.4966887417218543
63039,55,56,111,0.5045045045045045
63040,50,60,110,0.5454545454545454
63041,48,51,99,0.5151515151515151
63042,60,66,126,0.5238095238095238
63043,83,97,180,0.5388888888888889
63044,95,89,184,0.483695652173913
63045,61,73,134,0.5447761194029851
63046,55,18,73,0.2465753424657534
63047,38,31,69,0.4492753623188406
63048,46,14,60,0.23333333333333334
63049,47,22,69,0.3188405797101449
63050,38,31,69,0.4492753623188406
63051,51,26,77,0.33766233766233766
63052,32,13,45,0.28888888888888886
63053,52,22,74,0.2972972972972973
63054,68,34,102,0.3333333333333333
63055,40,25,65,0.38461538461538464
63056,53,29,82,0.35365853658536583
63057,81,25,106,0.2358490566037736
63058,46,30,76,0.39473684210526316
63059,54,17,71,0.23943661971830985
63060,29,24,53,0.4528301886792453
63061,59,42,101,0.4158415841584158
63062,53,17,70,0.24285714285714285
63063,79,29,108,0.26851851851851855
63064,54,38,92,0.41304347826086957
63065,75,24,99,0.24242424242424243
63066,59,26,85,0.3058823529411765
63067,63,23,86,0.26744186046511625
63068,14,19,33,0.5757575757575758
63069,42,17,59,0.288135593220339
63070,23,12,35,0.34285714285714286
63071,53,61,114,0.5350877192982456
63072,48,22,70,0.3142857142857143
63073,43,21,64,0.328125
63074,41,20,61,0.32786885245901637
63075,42,52,94,0.5531914893617021
63076,53,19,72,0.2638888888888889
63077,50,29,79,0.3670886075949367
63078,23,11,34,0.3235294117647059
63079,40,22,62,0.3548387096774194
63080,57,50,107,0.4672897196261682
63081,12,18,30,0.6
63082,25,25,50,0.5
63083,63,26,89,0.29213483146067415
63084,56,22,78,0.28205128205128205
63085,20,15,35,0.42857142857142855
63086,0,0,0,0
64001,23,9,32,0.28125
64002,37,11,48,0.22916666666666666
64003,35,14,49,0.2857142857142857
64004,35,10,45,0.2222222222222222
64005,42,13,55,0.23636363636363636
64006,27,25,52,0.4807692307692308
64007,43,18,61,0.29508196721311475
64008,39,10,49,0.20408163265306123
64009,24,10,34,0.29411764705882354
64010,25,10,35,0.2857142857142857
64011,11,2,13,0.15384615384615385
64012,21,14,35,0.4
64013,18,7,25,0.28
64014,31,15,46,0.32608695652173914
64015,44,17,61,0.2786885245901639
64016,24,14,38,0.3684210526315789
64017,49,22,71,0.30985915492957744
64018,38,15,53,0.2830188679245283
64019,74,42,116,0.3620689655172414
64020,34,20,54,0.37037037037037035
64021,41,12,53,0.22641509433962265
64022,55,16,71,0.22535211267605634
64023,22,25,47,0.5319148936170213
64024,44,10,54,0.18518518518518517
64025,35,11,46,0.2391304347826087
64026,38,18,56,0.32142857142857145
64027,34,18,52,0.34615384615384615
64028,15,15,30,0.5
64029,41,12,53,0.22641509433962265
64030,29,20,49,0.40816326530612246
64031,26,12,38,0.3157894736842105
64032,61,14,75,0.18666666666666668
64033,29,5,34,0.14705882352941177
64034,55,17,72,0.2361111111111111
64035,32,13,45,0.28888888888888886
64036,46,23,69,0.3333333333333333
64037,43,14,57,0.24561403508771928
64038,49,27,76,0.35526315789473684
64039,27,20,47,0.425531914893617
64040,62,32,94,0.3404255319148936
64041,37,12,49,0.24489795918367346
64042,39,37,76,0.4868421052631579
64043,19,12,31,0.3870967741935484
64044,58,21,79,0.26582278481012656
64045,45,25,70,0.35714285714285715
64046,43,21,64,0.328125
64047,65,37,102,0.3627450980392157
64048,49,19,68,0.27941176470588236
64049,85,45,130,0.34615384615384615
64050,55,40,95,0.42105263157894735
64051,55,27,82,0.32926829268292684
64052,34,32,66,0.48484848484848486
64053,59,26,85,0.3058823529411765
64054,44,23,67,0.34328358208955223
64055,44,16,60,0.26666666666666666
64056,41,20,61,0.32786885245901637
64057,26,10,36,0.2777777777777778
64058,38,9,47,0.19148936170212766
64059,34,23,57,0.40350877192982454
64060,39,9,48,0.1875
64061,39,34,73,0.4657534246575342
64062,37,24,61,0.39344262295081966
64063,37,22,59,0.3728813559322034
64064,0,0,0,0
64066,0,0,0,0
64067,0,0,0,0
64068,0,0,0,0
64070,0,0,0,0
