ed,Absentee / Military,Public Counter,total,share
24001,44,58,102,0.43137254901960786
24002,76,93,169,0.44970414201183434
24003,62,81,143,0.43356643356643354
24004,37,62,99,0.37373737373737376
24005,54,75,129,0.4186046511627907
24006,47,57,104,0.4519230769230769
24007,62,63,125,0.496
24008,9,16,25,0.36
24009,1,2,3,0.3333333333333333
24010,47,31,78,0.6025641025641025
24011,39,57,96,0.40625
24013,76,103,179,0.4245810055865922
24014,35,72,107,0.32710280373831774
24015,44,52,96,0.4583333333333333
24016,50,29,79,0.6329113924050633
24017,96,68,164,0.5853658536585366
24018,66,68,134,0.4925373134328358
24019,77,73,150,0.5133333333333333
24020,107,83,190,0.5631578947368421
24021,101,92,193,0.5233160621761658
24022,89,49,138,0.644927536231884
24024,66,79,145,0.45517241379310347
24025,67,49,116,0.5775862068965517
24026,25,58,83,0.30120481927710846
24027,55,193,248,0.2217741935483871
24028,77,86,163,0.4723926380368098
24029,59,189,248,0.23790322580645162
24030,59,168,227,0.2599118942731278
24031,16,60,76,0.21052631578947367
24032,40,39,79,0.5063291139240507
24033,61,61,122,0.5
24034,51,22,73,0.6986301369863014
24035,47,79,126,0.373015873015873
24036,23,45,68,0.3382352941176471
24037,49,69,118,0.4152542372881356
24039,5,9,14,0.35714285714285715
24040,76,136,212,0.3584905660377358
24041,25,12,37,0.6756756756756757
24042,39,54,93,0.41935483870967744
24043,92,117,209,0.44019138755980863
24044,35,91,126,0.2777777777777778
24045,44,55,99,0.4444444444444444
24046,46,97,143,0.32167832167832167
24047,34,79,113,0.3008849557522124
24048,10,28,38,0.2631578947368421
24049,97,132,229,0.42358078602620086
24050,34,51,85,0.4
24051,36,62,98,0.3673469387755102
24052,50,61,111,0.45045045045045046
24053,39,97,136,0.2867647058823529
24054,70,112,182,0.38461538461538464
24055,63,87,150,0.42
24056,9,2,11,0.8181818181818182
24057,23,27,50,0.46
24058,15,30,45,0.3333333333333333
24059,24,78,102,0.23529411764705882
24060,4,15,19,0.21052631578947367
24061,68,54,122,0.5573770491803278
24062,41,97,138,0.2971014492753623
24063,17,47,64,0.265625
24064,20,51,71,0.28169014084507044
24065,14,37,51,0.27450980392156865
24066,17,61,78,0.21794871794871795
24067,31,57,88,0.3522727272727273
24068,45,46,91,0.4945054945054945
24069,16,64,80,0.2
24070,34,35,69,0.4927536231884058
24071,14,52,66,0.21212121212121213
24072,29,60,89,0.3258426966292135
24073,21,62,83,0.25301204819277107
24074,16,74,90,0.17777777777777778
24075,22,38,60,0.36666666666666664
24076,34,51,85,0.4
24077,18,75,93,0.1935483870967742
24078,37,77,114,0.32456140350877194
24079,32,56,88,0.36363636363636365
24080,0,0,0,0
24081,0,0,0,0
24082,0,0,0,0
24083,0,0,0,0
24084,56,72,128,0.4375
24085,41,56,97,0.422680412371134
24086,34,52,86,0.3953488372093023
24087,28,43,71,0.39436619718309857
24088,16,58,74,0.21621621621621623
24089,93,56,149,0.6241610738255033
24090,33,54,87,0.3793103448275862
24091,51,72,123,0.4146341463414634
31001,25,45,70,0.35714285714285715
31002,17,64,81,0.20987654320987653
31003,22,53,75,0.29333333333333333
31004,28,71,99,0.2828282828282828
31005,20,79,99,0.20202020202020202
31007,25,74,99,0.25252525252525254
31008,44,57,101,0.43564356435643564
31009,22,45,67,0.3283582089552239
31010,45,59,104,0.4326923076923077
31011,29,129,158,0.18354430379746836
31012,32,59,91,0.3516483516483517
31013,26,100,126,0.20634920634920634
31014,44,88,132,0.3333333333333333
31015,45,93,138,0.32608695652173914
31016,58,73,131,0.44274809160305345
31017,41,73,114,0.35964912280701755
31018,44,106,150,0.29333333333333333
31019,51,142,193,0.26424870466321243
31020,6,37,43,0.13953488372093023
31021,6,21,27,0.2222222222222222
31022,19,79,98,0.19387755102040816
31023,30,65,95,0.3157894736842105
31024,47,82,129,0.3643410852713178
31025,25,60,85,0.29411764705882354
31026,33,70,103,0.32038834951456313
31027,26,38,64,0.40625
31028,23,40,63,0.36507936507936506
31029,37,188,225,0.16444444444444445
31031,5,3,8,0.625
31032,23,117,140,0.16428571428571428
31033,12,66,78,0.15384615384615385
31034,39,184,223,0.17488789237668162
31035,32,155,187,0.1711229946524064
31036,45,172,217,0.2073732718894009
31037,20,187,207,0.0966183574879227
31038,19,251,270,0.07037037037037037
31039,39,158,197,0.19796954314720813
31040,48,188,236,0.2033898305084746
31041,37,185,222,0.16666666666666666
31042,22,230,252,0.0873015873015873
31043,46,168,214,0.21495327102803738
31044,23,121,144,0.1597222222222222
31045,16,175,191,0.08376963350785341
31046,46,134,180,0.25555555555555554
31047,29,188,217,0.1336405529953917
31048,14,156,170,0.08235294117647059
31049,28,207,235,0.11914893617021277
31050,3,74,77,0.03896103896103896
31051,22,161,183,0.12021857923497267
31052,24,218,242,0.09917355371900827
31053,33,140,173,0.1907514450867052
31054,27,139,166,0.16265060240963855
31055,11,183,194,0.05670103092783505
31056,21,144,165,0.12727272727272726
31057,29,193,222,0.13063063063063063
31058,13,133,146,0.08904109589041095
31059,11,111,122,0.09016393442622951
31060,0,1,1,0.0
31061,13,150,163,0.07975460122699386
31062,13,120,133,0.09774436090225563
31063,26,148,174,0.14942528735632185
31064,13,174,187,0.06951871657754011
31071,0,0,0,0
31072,0,0,0,0
31073,0,0,0,0
31074,0,0,0,0
31078,48,99,147,0.32653061224489793
31079,27,131,158,0.17088607594936708
31080,14,36,50,0.28
31081,35,62,97,0.36082474226804123
31082,27,105,132,0.20454545454545456
31083,36,138,174,0.20689655172413793
31084,42,164,206,0.20388349514563106
31085,19,94,113,0.168141592920354
31086,31,170,201,0.15422885572139303
33001,57,66,123,0.4634146341463415
33002,38,52,90,0.4222222222222222
33003,37,50,87,0.42528735632183906
33004,48,55,103,0.46601941747572817
33005,48,59,107,0.4485981308411215
33006,72,66,138,0.5217391304347826
33007,48,61,109,0.44036697247706424
33008,59,65,124,0.47580645161290325
33009,78,47,125,0.624
33010,43,51,94,0.4574468085106383
33011,50,94,144,0.3472222222222222
33012,41,75,116,0.35344827586206895
33013,28,76,104,0.2692307692307692
33014,54,62,116,0.46551724137931033
33015,54,86,140,0.38571428571428573
33016,5,33,38,0.13157894736842105
33017,51,107,158,0.3227848101265823
33018,28,74,102,0.27450980392156865
33019,46,89,135,0.34074074074074073
33020,34,76,110,0.3090909090909091
33021,40,120,160,0.25
33022,38,93,131,0.2900763358778626
33023,30,82,112,0.26785714285714285
33024,26,71,97,0.26804123711340205
33025,27,97,124,0.21774193548387097
33026,30,92,122,0.2459016393442623
33027,33,89,122,0.27049180327868855
33028,33,121,154,0.21428571428571427
33029,39,197,236,0.1652542372881356
33030,46,145,191,0.24083769633507854
33031,37,163,200,0.185
33032,49,189,238,0.20588235294117646
33033,37,157,194,0.19072164948453607
33034,33,156,189,0.1746031746031746
33035,24,179,203,0.11822660098522167
33036,37,195,232,0.15948275862068967
33037,42,215,257,0.16342412451361868
33038,43,185,228,0.18859649122807018
33039,35,177,212,0.1650943396226415
33040,40,153,193,0.20725388601036268
33041,36,170,206,0.17475728155339806
33042,38,129,167,0.2275449101796407
33043,42,94,136,0.3088235294117647
33044,44,178,222,0.1981981981981982
33045,35,193,228,0.15350877192982457
33046,43,197,240,0.17916666666666667
33047,45,160,205,0.21951219512195122
33048,39,144,183,0.21311475409836064
33049,38,131,169,0.22485207100591717
33050,32,133,165,0.19393939393939394
33051,34,142,176,0.19318181818181818
33052,29,167,196,0.14795918367346939
33053,36,166,202,0.1782178217821782
33054,62,179,241,0.2572614107883817
33055,50,169,219,0.228310502283105
33056,69,206,275,0.2509090909090909
33057,70,202,272,0.25735294117647056
33058,51,191,242,0.21074380165289255
33059,49,195,244,0.20081967213114754
33060,60,213,273,0.21978021978021978
33061,37,163,200,0.185
33062,43,194,237,0.18143459915611815
33063,53,218,271,0.19557195571955718
33064,44,223,267,0.1647940074906367
33065,45,306,351,0.1282051282051282
33066,75,224,299,0.2508361204013378
33067,47,209,256,0.18359375
33068,58,249,307,0.18892508143322476
33069,75,230,305,0.2459016393442623
33070,62,243,305,0.20327868852459016
33071,74,234,308,0.24025974025974026
33072,40,146,186,0.21505376344086022
33073,44,167,211,0.20853080568720378
33074,48,90,138,0.34782608695652173
33075,42,60,102,0.4117647058823529
33076,28,89,117,0.23931623931623933
33077,53,147,200,0.265
33078,51,180,231,0.22077922077922077
33079,31,115,146,0.21232876712328766
34001,27,101,128,0.2109375
34002,37,105,142,0.2605633802816901
34003,24,147,171,0.14035087719298245
34004,30,118,148,0.20270270270270271
34005,40,130,170,0.23529411764705882
34006,39,84,123,0.3170731707317073
34007,37,80,117,0.3162393162393162
34008,75,177,252,0.2976190476190476
34009,43,179,222,0.19369369369369369
34010,55,98,153,0.35947712418300654
34011,35,76,111,0.3153153153153153
34012,28,120,148,0.1891891891891892
34013,41,148,189,0.21693121693121692
34014,46,134,180,0.25555555555555554
34015,86,164,250,0.344
34016,156,175,331,0.47129909365558914
34017,85,145,230,0.3695652173913043
34018,38,74,112,0.3392857142857143
34019,103,164,267,0.3857677902621723
34020,74,101,175,0.4228571428571429
34021,56,90,146,0.3835616438356164
34022,137,187,324,0.4228395061728395
34023,69,167,236,0.2923728813559322
34024,105,165,270,0.3888888888888889
34025,171,167,338,0.5059171597633136
34026,102,147,249,0.40963855421686746
34027,113,115,228,0.4956140350877193
34028,95,76,171,0.5555555555555556
34029,66,94,160,0.4125
34031,42,27,69,0.6086956521739131
34032,13,20,33,0.3939393939393939
34033,10,18,28,0.35714285714285715
34034,5,25,30,0.16666666666666666
34035,52,109,161,0.32298136645962733
34036,112,94,206,0.5436893203883495
34037,75,83,158,0.47468354430379744
34038,58,110,168,0.34523809523809523
34039,48,89,137,0.35036496350364965
34040,46,93,139,0.33093525179856115
34041,27,117,144,0.1875
34042,31,82,113,0.2743362831858407
34043,27,36,63,0.42857142857142855
34044,31,39,70,0.44285714285714284
34045,53,111,164,0.3231707317073171
34046,51,87,138,0.3695652173913043
34047,2,6,8,0.25
34048,24,49,73,0.3287671232876712
34049,55,96,151,0.36423841059602646
34050,55,97,152,0.3618421052631579
34051,54,96,150,0.36
34052,52,81,133,0.39097744360902253
34053,7,7,14,0.5
34054,0,0,0,0
34056,10,13,23,0.43478260869565216
34057,8,32,40,0.2
34059,0,7,7,0.0
34060,45,95,140,0.32142857142857145
34061,4,9,13,0.3076923076923077
34062,22,12,34,0.6470588235294118
34063,191,216,407,0.4692874692874693
34065,32,164,196,0.16326530612244897
34066,40,131,171,0.23391812865497075
34067,51,93,144,0.3541666666666667
34068,137,166,303,0.4521452145214521
34069,61,175,236,0.2584745762711864
34070,17,30,47,0.3617021276595745
34071,55,91,146,0.3767123287671233
34072,91,166,257,0.3540856031128405
34073,40,75,115,0.34782608695652173
35001,11,21,32,0.34375
35002,53,79,132,0.4015151515151515
35003,65,63,128,0.5078125
35004,57,75,132,0.4318181818181818
35005,45,81,126,0.35714285714285715
35006,69,87,156,0.4423076923076923
35007,35,76,111,0.3153153153153153
35008,49,70,119,0.4117647058823529
35009,79,76,155,0.5096774193548387
35010,62,100,162,0.38271604938271603
35011,43,66,109,0.3944954128440367
35012,76,127,203,0.37438423645320196
35013,30,93,123,0.24390243902439024
35014,14,67,81,0.1728395061728395
35015,44,154,198,0.2222222222222222
35016,68,131,199,0.3417085427135678
35017,52,200,252,0.20634920634920634
35018,64,240,304,0.21052631578947367
35019,41,132,173,0.23699421965317918
35020,77,245,322,0.2391304347826087
35021,54,134,188,0.2872340425531915
35022,75,163,238,0.31512605042016806
35023,23,63,86,0.26744186046511625
35024,27,86,113,0.23893805309734514
35025,65,209,274,0.23722627737226276
35026,53,56,109,0.48623853211009177
35027,30,41,71,0.4225352112676056
35028,28,55,83,0.3373493975903614
35029,1,2,3,0.3333333333333333
35030,13,20,33,0.3939393939393939
35031,0,0,0,0
35032,74,150,224,0.33035714285714285
35033,69,99,168,0.4107142857142857
35034,0,0,0,0
35035,44,20,64,0.6875
35036,1,4,5,0.2
35037,30,95,125,0.24
35038,61,212,273,0.22344322344322345
35039,29,78,107,0.27102803738317754
35040,39,73,112,0.3482142857142857
35041,42,117,159,0.2641509433962264
35042,39,142,181,0.2154696132596685
35043,59,126,185,0.31891891891891894
35044,48,135,183,0.26229508196721313
35045,47,112,159,0.29559748427672955
35046,45,144,189,0.23809523809523808
35047,49,176,225,0.21777777777777776
35048,63,220,283,0.2226148409893993
35049,41,73,114,0.35964912280701755
35050,54,100,154,0.35064935064935066
35051,47,127,174,0.27011494252873564
35052,53,149,202,0.2623762376237624
35053,40,216,256,0.15625
35055,0,0,0,0
35056,0,0,0,0
35057,0,0,0,0
35059,0,0,0,0
35060,0,0,0,0
35061,0,0,0,0
35063,65,71,136,0.47794117647058826
35064,49,93,142,0.34507042253521125
35065,50,95,145,0.3448275862068966
35066,65,154,219,0.2968036529680365
36001,189,131,320,0.590625
36002,129,60,189,0.6825396825396826
36003,96,74,170,0.5647058823529412
36004,129,106,235,0.548936170212766
36005,100,94,194,0.5154639175257731
36006,148,107,255,0.5803921568627451
36007,112,76,188,0.5957446808510638
36008,139,129,268,0.5186567164179104
36009,60,59,119,0.5042016806722689
36010,95,133,228,0.4166666666666667
36011,61,132,193,0.3160621761658031
36012,116,118,234,0.49572649572649574
36013,88,125,213,0.4131455399061033
36014,84,107,191,0.4397905759162304
36015,115,129,244,0.4713114754098361
36016,129,112,241,0.5352697095435685
36017,141,128,269,0.5241635687732342
36018,174,108,282,0.6170212765957447
36019,137,124,261,0.524904214559387
36020,135,133,268,0.503731343283582
36021,141,128,269,0.5241635687732342
36022,172,128,300,0.5733333333333334
36023,98,74,172,0.5697674418604651
36024,102,109,211,0.4834123222748815
36025,109,94,203,0.5369458128078818
36026,116,94,210,0.5523809523809524
36027,117,140,257,0.45525291828793774
36028,103,90,193,0.533678756476684
36029,98,88,186,0.5268817204301075
36030,107,92,199,0.5376884422110553
36031,94,154,248,0.3790322580645161
36032,120,122,242,0.49586776859504134
36033,88,87,175,0.5028571428571429
36034,116,120,236,0.4915254237288136
36035,126,121,247,0.5101214574898786
36036,174,172,346,0.5028901734104047
36037,122,132,254,0.48031496062992124
36038,109,125,234,0.4658119658119658
36039,156,141,297,0.5252525252525253
36040,160,167,327,0.4892966360856269
36041,121,177,298,0.40604026845637586
36042,96,163,259,0.37065637065637064
36043,13,19,32,0.40625
36044,10,18,28,0.35714285714285715
36045,120,105,225,0.5333333333333333
36046,37,79,116,0.31896551724137934
36047,46,97,143,0.32167832167832167
36048,52,95,147,0.35374149659863946
36049,168,99,267,0.6292134831460674
36050,4,34,38,0.10526315789473684
36051,12,19,31,0.3870967741935484
36052,138,164,302,0.45695364238410596
36053,128,112,240,0.5333333333333333
36054,97,115,212,0.45754716981132076
36055,110,153,263,0.41825095057034223
36056,108,107,215,0.5023255813953489
36057,113,100,213,0.5305164319248826
36058,110,100,210,0.5238095238095238
36059,129,121,250,0.516
36060,85,89,174,0.4885057471264368
36061,79,159,238,0.3319327731092437
36062,60,126,186,0.3225806451612903
36063,44,137,181,0.2430939226519337
36064,142,148,290,0.4896551724137931
36065,51,43,94,0.5425531914893617
36066,100,91,191,0.5235602094240838
36067,113,131,244,0.46311475409836067
36068,0,0,0,0
36069,0,0,0,0
36070,0,0,0,0
36071,0,0,0,0
36072,127,118,245,0.5183673469387755
36073,188,165,353,0.5325779036827195
36074,86,107,193,0.44559585492227977
36075,89,87,176,0.5056818181818182
36076,109,141,250,0.436
36077,157,167,324,0.4845679012345679
36078,86,68,154,0.5584415584415584
36079,63,99,162,0.3888888888888889
36080,85,121,206,0.41262135922330095
36081,157,130,287,0.5470383275261324
36082,116,118,234,0.49572649572649574
36083,38,83,121,0.3140495867768595
37001,61,98,159,0.3836477987421384
37002,53,115,168,0.31547619047619047
37003,36,151,187,0.1925133689839572
37004,34,159,193,0.17616580310880828
37005,98,101,199,0.49246231155778897
37006,39,106,145,0.2689655172413793
37007,16,90,106,0.1509433962264151
37008,22,145,167,0.1317365269461078
37009,25,114,139,0.17985611510791366
37010,33,122,155,0.2129032258064516
37011,116,104,220,0.5272727272727272
37012,22,122,144,0.1527777777777778
37013,10,110,120,0.08333333333333333
37014,19,137,156,0.12179487179487179
37015,12,104,116,0.10344827586206896
37016,21,124,145,0.14482758620689656
37017,23,148,171,0.13450292397660818
37018,119,126,245,0.4857142857142857
37019,93,75,168,0.5535714285714286
37020,110,89,199,0.5527638190954773
37021,141,137,278,0.5071942446043165
37022,137,174,311,0.4405144694533762
37023,165,127,292,0.565068493150685
37024,288,214,502,0.5737051792828686
37025,7,18,25,0.28
37026,2,2,4,0.5
37027,171,213,384,0.4453125
37028,163,200,363,0.4490358126721763
37029,132,192,324,0.4074074074074074
37030,86,157,243,0.35390946502057613
37031,120,162,282,0.425531914893617
37032,97,183,280,0.3464285714285714
37033,61,156,217,0.28110599078341014
37034,22,179,201,0.10945273631840796
37035,22,159,181,0.12154696132596685
37036,121,169,290,0.41724137931034483
37037,146,168,314,0.46496815286624205
37038,116,173,289,0.4013840830449827
37039,95,166,261,0.36398467432950193
37040,0,0,0,0
37041,14,17,31,0.45161290322580644
37042,41,72,113,0.36283185840707965
37043,25,57,82,0.3048780487804878
37044,31,39,70,0.44285714285714284
37045,62,72,134,0.4626865671641791
37046,39,75,114,0.34210526315789475
37047,60,104,164,0.36585365853658536
37048,59,130,189,0.31216931216931215
37049,43,149,192,0.22395833333333334
37050,83,112,195,0.4256410256410256
37052,32,31,63,0.5079365079365079
37053,17,27,44,0.38636363636363635
37054,19,35,54,0.35185185185185186
37055,11,1,12,0.9166666666666666
37056,81,142,223,0.3632286995515695
37057,64,93,157,0.40764331210191085
37058,70,126,196,0.35714285714285715
37059,69,130,199,0.34673366834170855
37060,6,10,16,0.375
37061,54,64,118,0.4576271186440678
37062,34,61,95,0.35789473684210527
37063,69,145,214,0.32242990654205606
37064,130,176,306,0.42483660130718953
37065,70,118,188,0.3723404255319149
37066,0,0,0,0
37067,42,113,155,0.2709677419354839
37068,36,87,123,0.2926829268292683
37069,0,0,0,0
37070,0,0,0,0
37071,0,0,0,0
37075,103,110,213,0.4835680751173709
37076,56,87,143,0.3916083916083916
37077,78,166,244,0.319672131147541
37078,132,192,324,0.4074074074074074
37079,187,130,317,0.5899053627760252
37080,134,112,246,0.5447154471544715
37081,145,81,226,0.6415929203539823
37082,118,155,273,0.43223443223443225
37083,143,165,308,0.4642857142857143
37084,49,72,121,0.4049586776859504
37085,31,45,76,0.40789473684210525
37086,48,77,125,0.384
37087,68,111,179,0.37988826815642457
37088,20,50,70,0.2857142857142857
38001,41,109,150,0.2733333333333333
38002,60,92,152,0.39473684210526316
38003,83,124,207,0.40096618357487923
38004,74,123,197,0.3756345177664975
38005,54,159,213,0.2535211267605634
38006,70,112,182,0.38461538461538464
38007,47,103,150,0.31333333333333335
38008,48,136,184,0.2608695652173913
38009,33,84,117,0.28205128205128205
38010,33,79,112,0.29464285714285715
38012,38,55,93,0.40860215053763443
38013,18,62,80,0.225
38014,30,81,111,0.2702702702702703
38015,10,29,39,0.2564102564102564
38016,67,75,142,0.47183098591549294
38017,40,68,108,0.37037037037037035
38018,28,61,89,0.3146067415730337
38019,30,47,77,0.38961038961038963
38020,7,14,21,0.3333333333333333
38021,33,52,85,0.38823529411764707
38022,43,103,146,0.2945205479452055
38023,26,78,104,0.25
38024,33,65,98,0.336734693877551
38025,29,51,80,0.3625
38026,55,68,123,0.44715447154471544
38027,25,98,123,0.2032520325203252
38028,41,88,129,0.3178294573643411
38029,35,87,122,0.28688524590163933
38030,30,97,127,0.23622047244094488
38031,41,95,136,0.3014705882352941
38032,10,93,103,0.0970873786407767
38033,19,91,110,0.17272727272727273
38034,15,41,56,0.26785714285714285
38035,4,12,16,0.25
38036,13,26,39,0.3333333333333333
38037,17,46,63,0.2698412698412698
38038,20,48,68,0.29411764705882354
38039,30,66,96,0.3125
38040,45,47,92,0.4891304347826087
38041,32,92,124,0.25806451612903225
38042,21,82,103,0.20388349514563106
38043,24,60,84,0.2857142857142857
38044,33,77,110,0.3
38045,11,33,44,0.25
38046,31,58,89,0.34831460674157305
38047,27,80,107,0.2523364485981308
38048,30,92,122,0.2459016393442623
38049,26,66,92,0.2826086956521739
38050,32,65,97,0.32989690721649484
38051,58,90,148,0.3918918918918919
38052,39,85,124,0.31451612903225806
38053,12,26,38,0.3157894736842105
38054,48,124,172,0.27906976744186046
38055,27,111,138,0.1956521739130435
38056,43,92,135,0.31851851851851853
38057,37,96,133,0.2781954887218045
38058,30,141,171,0.17543859649122806
38059,49,93,142,0.34507042253521125
38060,0,0,0,0
38061,0,0,0,0
38062,96,120,216,0.4444444444444444
38063,24,93,117,0.20512820512820512
38064,67,97,164,0.40853658536585363
38065,41,68,109,0.3761467889908257
38066,20,59,79,0.25316455696202533
38067,27,58,85,0.3176470588235294
38068,24,52,76,0.3157894736842105
38069,22,66,88,0.25
38070,22,80,102,0.21568627450980393
38071,23,80,103,0.22330097087378642
39001,26,95,121,0.21487603305785125
39002,25,51,76,0.32894736842105265
39003,12,75,87,0.13793103448275862
39004,14,119,133,0.10526315789473684
39005,21,121,142,0.14788732394366197
39006,14,81,95,0.14736842105263157
39007,31,141,172,0.18023255813953487
39008,21,104,125,0.168
39009,30,122,152,0.19736842105263158
39010,28,94,122,0.22950819672131148
39011,35,102,137,0.25547445255474455
39012,30,101,131,0.22900763358778625
39013,40,115,155,0.25806451612903225
39014,44,84,128,0.34375
39015,60,142,202,0.297029702970297
39016,25,138,163,0.15337423312883436
39017,43,175,218,0.19724770642201836
39018,92,177,269,0.3420074349442379
39019,90,213,303,0.297029702970297
39021,6,17,23,0.2608695652173913
39022,5,33,38,0.13157894736842105
39023,30,71,101,0.297029702970297
39024,12,39,51,0.23529411764705882
39025,28,94,122,0.22950819672131148
39026,29,79,108,0.26851851851851855
39027,44,52,96,0.4583333333333333
39028,10,37,47,0.2127659574468085
39029,51,92,143,0.35664335664335667
39030,44,86,130,0.3384615384615385
39031,41,62,103,0.39805825242718446
39032,27,53,80,0.3375
39033,34,50,84,0.40476190476190477
39034,62,104,166,0.37349397590361444
39035,34,35,69,0.4927536231884058
39036,7,5,12,0.5833333333333334
39037,32,85,117,0.27350427350427353
39038,28,61,89,0.3146067415730337
39039,0,0,0,0
39040,8,24,32,0.25
39041,34,143,177,0.192090395480226
39042,6,16,22,0.2727272727272727
39043,36,124,160,0.225
39044,84,121,205,0.4097560975609756
39045,146,130,276,0.5289855072463768
39046,203,149,352,0.5767045454545454
39047,138,177,315,0.4380952380952381
39048,27,107,134,0.20149253731343283
39049,62,158,220,0.2818181818181818
39050,26,37,63,0.4126984126984127
39051,61,119,180,0.3388888888888889
39052,21,102,123,0.17073170731707318
39053,12,85,97,0.12371134020618557
39054,36,94,130,0.27692307692307694
39055,18,51,69,0.2608695652173913
39056,116,233,349,0.332378223495702
40001,24,40,64,0.375
40002,39,51,90,0.43333333333333335
40003,43,47,90,0.4777777777777778
40004,33,47,80,0.4125
40005,43,34,77,0.5584415584415584
40006,47,48,95,0.49473684210526314
40007,53,55,108,0.49074074074074076
40008,24,46,70,0.34285714285714286
40009,68,82,150,0.4533333333333333
40011,11,36,47,0.23404255319148937
40013,59,62,121,0.48760330578512395
40014,47,34,81,0.5802469135802469
40015,72,70,142,0.5070422535211268
40016,44,70,114,0.38596491228070173
40017,20,31,51,0.39215686274509803
40018,27,62,89,0.30337078651685395
40019,53,83,136,0.3897058823529412
40020,40,88,128,0.3125
40021,19,49,68,0.27941176470588236
40022,56,82,138,0.4057971014492754
40023,35,49,84,0.4166666666666667
40024,23,56,79,0.2911392405063291
40025,41,73,114,0.35964912280701755
40026,24,56,80,0.3
40027,36,60,96,0.375
40028,26,35,61,0.4262295081967213
40029,38,58,96,0.3958333333333333
40030,43,55,98,0.4387755102040816
40031,45,54,99,0.45454545454545453
40032,27,53,80,0.3375
40033,65,60,125,0.52
40034,25,39,64,0.390625
40035,44,93,137,0.32116788321167883
40036,49,101,150,0.32666666666666666
40037,50,106,156,0.32051282051282054
40038,32,88,120,0.26666666666666666
40039,42,64,106,0.39622641509433965
40040,27,94,121,0.2231404958677686
40041,37,48,85,0.43529411764705883
40042,42,64,106,0.39622641509433965
40043,42,74,116,0.3620689655172414
40044,33,48,81,0.4074074074074074
40045,28,71,99,0.2828282828282828
40046,44,77,121,0.36363636363636365
40047,67,81,148,0.4527027027027027
40048,76,105,181,0.4198895027624309
40049,44,42,86,0.5116279069767442
40050,23,115,138,0.16666666666666666
40051,30,151,181,0.16574585635359115
40052,28,38,66,0.42424242424242425
40053,32,61,93,0.34408602150537637
40054,0,0,0,0
40056,50,77,127,0.3937007874015748
40057,51,61,112,0.45535714285714285
40058,35,60,95,0.3684210526315789
40059,26,52,78,0.3333333333333333
40060,57,70,127,0.44881889763779526
43001,144,209,353,0.40793201133144474
43002,104,98,202,0.5148514851485149
43003,110,171,281,0.3914590747330961
43004,135,152,287,0.47038327526132406
43005,91,101,192,0.4739583333333333
43006,119,159,278,0.42805755395683454
43007,109,138,247,0.44129554655870445
43008,62,126,188,0.32978723404255317
43009,54,130,184,0.29347826086956524
43010,35,72,107,0.32710280373831774
43011,57,217,274,0.20802919708029197
43012,86,199,285,0.3017543859649123
43013,43,140,183,0.23497267759562843
43014,129,199,328,0.3932926829268293
43015,66,140,206,0.32038834951456313
43016,110,144,254,0.4330708661417323
43017,57,207,264,0.2159090909090909
43018,110,191,301,0.3654485049833887
43019,83,146,229,0.3624454148471616
43020,115,150,265,0.4339622641509434
43021,84,296,380,0.22105263157894736
43022,71,171,242,0.29338842975206614
43023,83,184,267,0.31086142322097376
43024,117,149,266,0.4398496240601504
43025,66,156,222,0.2972972972972973
43026,106,223,329,0.3221884498480243
43027,90,220,310,0.2903225806451613
43028,82,240,322,0.2546583850931677
43029,39,121,160,0.24375
43030,55,187,242,0.22727272727272727
43031,76,279,355,0.2140845070422535
43032,57,163,220,0.2590909090909091
43033,76,285,361,0.21052631578947367
43034,33,112,145,0.22758620689655173
43035,119,171,290,0.4103448275862069
43036,78,174,252,0.30952380952380953
43037,93,201,294,0.3163265306122449
43038,71,234,305,0.23278688524590163
43039,97,258,355,0.27323943661971833
43040,33,124,157,0.21019108280254778
43041,100,154,254,0.3937007874015748
43042,105,148,253,0.4150197628458498
43043,56,176,232,0.2413793103448276
43044,98,157,255,0.3843137254901961
43045,113,231,344,0.32848837209302323
43046,101,188,289,0.3494809688581315
43047,57,124,181,0.3149171270718232
43048,33,121,154,0.21428571428571427
43049,48,190,238,0.20168067226890757
43050,85,218,303,0.28052805280528054
43051,60,254,314,0.1910828025477707
43052,29,214,243,0.11934156378600823
43053,77,123,200,0.385
43054,32,220,252,0.12698412698412698
43055,59,193,252,0.23412698412698413
43056,30,147,177,0.1694915254237288
43057,40,134,174,0.22988505747126436
43058,37,122,159,0.23270440251572327
43059,44,157,201,0.21890547263681592
43060,45,119,164,0.27439024390243905
43061,46,138,184,0.25
43062,56,139,195,0.28717948717948716
43063,31,118,149,0.2080536912751678
43064,35,131,166,0.21084337349397592
43065,54,124,178,0.30337078651685395
43066,56,224,280,0.2
43067,40,206,246,0.16260162601626016
43068,29,150,179,0.16201117318435754
43069,19,124,143,0.13286713286713286
43070,9,12,21,0.42857142857142855
43071,32,185,217,0.14746543778801843
43072,71,146,217,0.3271889400921659
43073,205,161,366,0.5601092896174863
43074,124,134,258,0.4806201550387597
43075,121,212,333,0.3633633633633634
43076,38,160,198,0.1919191919191919
43077,47,116,163,0.2883435582822086
43078,60,131,191,0.31413612565445026
43079,16,97,113,0.1415929203539823
43080,66,117,183,0.36065573770491804
43081,79,139,218,0.3623853211009174
43082,100,146,246,0.4065040650406504
43083,50,133,183,0.273224043715847
43084,27,110,137,0.19708029197080293
43085,45,142,187,0.24064171122994651
43086,61,84,145,0.4206896551724138
43087,109,195,304,0.35855263157894735
50001,25,169,194,0.12886597938144329
50002,117,98,215,0.5441860465116279
50003,177,208,385,0.4597402597402597
50004,89,56,145,0.6137931034482759
50005,148,155,303,0.4884488448844885
50006,155,119,274,0.5656934306569343
50007,91,101,192,0.4739583333333333
50008,133,128,261,0.5095785440613027
50009,125,151,276,0.4528985507246377
50010,140,129,269,0.5204460966542751
50011,11,186,197,0.05583756345177665
50012,139,108,247,0.562753036437247
50013,0,1,1,0.0
50014,13,56,69,0.18840579710144928
50015,89,87,176,0.5056818181818182
50016,9,147,156,0.057692307692307696
50017,44,145,189,0.2328042328042328
50018,78,119,197,0.39593908629441626
50019,124,140,264,0.4696969696969697
50020,134,121,255,0.5254901960784314
50021,145,162,307,0.4723127035830619
50022,74,116,190,0.3894736842105263
50025,32,35,67,0.47761194029850745
50026,173,124,297,0.5824915824915825
50027,168,161,329,0.5106382978723404
50028,172,142,314,0.5477707006369427
50029,133,115,248,0.5362903225806451
50030,145,124,269,0.5390334572490706
50031,125,105,230,0.5434782608695652
50032,166,124,290,0.5724137931034483
50033,171,154,325,0.5261538461538462
50034,148,105,253,0.5849802371541502
50035,138,136,274,0.5036496350364964
50036,107,77,184,0.5815217391304348
50037,153,117,270,0.5666666666666667
50038,131,114,245,0.5346938775510204
50039,121,89,210,0.5761904761904761
50040,130,118,248,0.5241935483870968
50041,140,115,255,0.5490196078431373
50042,128,134,262,0.48854961832061067
50043,102,102,204,0.5
50044,93,96,189,0.49206349206349204
50045,21,21,42,0.5
50046,105,131,236,0.4449152542372881
50047,97,119,216,0.44907407407407407
50048,118,286,404,0.29207920792079206
50049,37,59,96,0.3854166666666667
50050,51,110,161,0.3167701863354037
50051,41,104,145,0.2827586206896552
50052,36,121,157,0.22929936305732485
50053,77,69,146,0.5273972602739726
50054,30,84,114,0.2631578947368421
50055,18,43,61,0.29508196721311475
50056,28,49,77,0.36363636363636365
50057,18,155,173,0.10404624277456648
50058,9,148,157,0.05732484076433121
50059,57,161,218,0.26146788990825687
50060,13,148,161,0.08074534161490683
50061,19,207,226,0.084070796460177
50062,19,91,110,0.17272727272727273
50063,16,181,197,0.08121827411167512
50064,13,130,143,0.09090909090909091
50065,12,124,136,0.08823529411764706
50066,18,234,252,0.07142857142857142
50067,13,102,115,0.11304347826086956
50068,9,128,137,0.06569343065693431
50069,9,179,188,0.047872340425531915
50070,8,176,184,0.043478260869565216
50071,5,95,100,0.05
50072,12,174,186,0.06451612903225806
50073,14,175,189,0.07407407407407407
50074,47,243,290,0.16206896551724137
50075,28,159,187,0.1497326203208556
50076,43,209,252,0.17063492063492064
50077,21,202,223,0.09417040358744394
50078,17,176,193,0.08808290155440414
50079,24,131,155,0.15483870967741936
50080,53,216,269,0.1970260223048327
50081,6,32,38,0.15789473684210525
50082,14,157,171,0.08187134502923976
50083,50,199,249,0.20080321285140562
50084,10,44,54,0.18518518518518517
50085,32,29,61,0.5245901639344263
50087,24,12,36,0.6666666666666666
50088,24,24,48,0.5
50089,123,140,263,0.467680608365019
50090,88,123,211,0.41706161137440756
50091,84,94,178,0.47191011235955055
50092,86,121,207,0.41545893719806765
50093,15,33,48,0.3125
50094,16,12,28,0.5714285714285714
50095,142,133,275,0.5163636363636364
50096,130,127,257,0.5058365758754864
50097,99,112,211,0.46919431279620855
50098,49,78,127,0.3858267716535433
50099,113,112,225,0.5022222222222222
50100,13,169,182,0.07142857142857142
50101,105,75,180,0.5833333333333334
50102,42,35,77,0.5454545454545454
50103,0,0,0,0
50104,0,0,0,0
50105,0,0,0,0
51001,118,122,240,0.49166666666666664
51002,53,65,118,0.4491525423728814
51003,76,110,186,0.40860215053763443
51004,38,76,114,0.3333333333333333
51005,32,53,85,0.3764705882352941
51006,31,77,108,0.28703703703703703
51007,155,126,281,0.5516014234875445
51008,78,31,109,0.7155963302752294
51009,18,26,44,0.4090909090909091
51010,6,15,21,0.2857142857142857
51011,137,133,270,0.5074074074074074
51012,142,102,244,0.5819672131147541
51013,121,97,218,0.555045871559633
51014,23,71,94,0.24468085106382978
51015,16,54,70,0.22857142857142856
51016,14,45,59,0.23728813559322035
51017,43,58,101,0.42574257425742573
51019,3,15,18,0.16666666666666666
51020,145,106,251,0.5776892430278885
51021,34,20,54,0.6296296296296297
51022,38,13,51,0.7450980392156863
51023,108,98,206,0.5242718446601942
51024,20,65,85,0.23529411764705882
51025,0,0,0,0
51026,20,84,104,0.19230769230769232
51027,22,21,43,0.5116279069767442
51028,15,6,21,0.7142857142857143
51029,38,108,146,0.2602739726027397
51030,32,39,71,0.4507042253521127
51031,51,98,149,0.3422818791946309
51032,42,84,126,0.3333333333333333
51033,50,107,157,0.3184713375796178
51034,19,64,83,0.2289156626506024
51035,73,118,191,0.38219895287958117
51036,64,109,173,0.3699421965317919
51037,42,130,172,0.2441860465116279
51038,108,136,244,0.4426229508196721
51039,41,135,176,0.23295454545454544
51040,139,167,306,0.4542483660130719
51041,125,129,254,0.4921259842519685
51042,183,118,301,0.6079734219269103
51043,77,53,130,0.5923076923076923
51044,45,28,73,0.6164383561643836
51045,2,5,7,0.2857142857142857
51046,9,2,11,0.8181818181818182
51047,26,41,67,0.3880597014925373
51048,0,1,1,0.0
51049,113,157,270,0.4185185185185185
51050,17,45,62,0.27419354838709675
51051,22,130,152,0.14473684210526316
51052,31,59,90,0.34444444444444444
51053,49,46,95,0.5157894736842106
51054,35,90,125,0.28
51055,112,120,232,0.4827586206896552
51056,1,1,2,0.5
51057,3,1,4,0.75
51058,13,22,35,0.37142857142857144
51059,62,40,102,0.6078431372549019
51060,31,78,109,0.28440366972477066
51061,33,83,116,0.28448275862068967
51062,68,79,147,0.46258503401360546
51063,41,106,147,0.2789115646258503
51064,24,93,117,0.20512820512820512
51065,31,107,138,0.2246376811594203
51066,35,63,98,0.35714285714285715
51067,33,90,123,0.2682926829268293
51068,20,32,52,0.38461538461538464
51069,21,111,132,0.1590909090909091
51070,22,120,142,0.15492957746478872
51071,23,142,165,0.1393939393939394
51072,77,149,226,0.3407079646017699
51073,47,144,191,0.24607329842931938
51074,13,83,96,0.13541666666666666
51075,25,70,95,0.2631578947368421
51076,77,56,133,0.5789473684210527
51077,55,77,132,0.4166666666666667
51078,20,63,83,0.24096385542168675
51079,76,91,167,0.4550898203592814
51080,13,33,46,0.2826086956521739
51081,55,67,122,0.45081967213114754
51082,94,131,225,0.4177777777777778
51083,130,120,250,0.52
56001,12,85,97,0.12371134020618557
56002,15,101,116,0.12931034482758622
56003,12,77,89,0.1348314606741573
56004,11,86,97,0.1134020618556701
56005,30,104,134,0.22388059701492538
56006,29,159,188,0.15425531914893617
56007,12,86,98,0.12244897959183673
56008,16,112,128,0.125
56009,17,104,121,0.14049586776859505
56010,9,93,102,0.08823529411764706
56011,65,175,240,0.2708333333333333
56012,85,149,234,0.36324786324786323
56013,69,196,265,0.26037735849056604
56014,74,175,249,0.2971887550200803
56015,91,190,281,0.3238434163701068
56016,88,176,264,0.3333333333333333
56017,45,153,198,0.22727272727272727
56018,41,170,211,0.1943127962085308
56019,62,196,258,0.24031007751937986
56020,33,92,125,0.264
56021,45,180,225,0.2
56022,44,225,269,0.16356877323420074
56023,67,212,279,0.24014336917562723
56024,71,151,222,0.31981981981981983
56025,61,136,197,0.3096446700507614
56026,65,130,195,0.3333333333333333
56027,77,168,245,0.3142857142857143
56028,75,173,248,0.3024193548387097
56029,27,115,142,0.19014084507042253
56030,19,183,202,0.09405940594059406
56031,33,180,213,0.15492957746478872
56032,64,220,284,0.22535211267605634
56033,70,191,261,0.2681992337164751
56034,53,148,201,0.263681592039801
56035,110,176,286,0.38461538461538464
56036,76,160,236,0.3220338983050847
56037,93,187,280,0.33214285714285713
56038,123,217,340,0.36176470588235293
56039,76,136,212,0.3584905660377358
56040,96,212,308,0.3116883116883117
56041,83,232,315,0.2634920634920635
56042,89,209,298,0.2986577181208054
56043,84,199,283,0.2968197879858657
56044,58,158,216,0.26851851851851855
56045,87,182,269,0.32342007434944237
56046,59,185,244,0.24180327868852458
56047,84,190,274,0.30656934306569344
56048,87,177,264,0.32954545454545453
56049,92,181,273,0.336996336996337
56050,69,198,267,0.25842696629213485
56051,49,158,207,0.23671497584541062
56052,89,183,272,0.3272058823529412
56053,102,222,324,0.3148148148148148
56054,52,189,241,0.2157676348547718
56055,84,246,330,0.2545454545454545
56056,41,101,142,0.2887323943661972
56057,53,211,264,0.20075757575757575
56058,86,166,252,0.3412698412698413
56059,26,124,150,0.17333333333333334
56060,21,131,152,0.13815789473684212
56061,49,137,186,0.26344086021505375
56062,66,116,182,0.3626373626373626
56063,16,116,132,0.12121212121212122
56064,5,100,105,0.047619047619047616
56065,42,149,191,0.2198952879581152
56066,7,54,61,0.11475409836065574
56067,26,99,125,0.208
56068,33,142,175,0.18857142857142858
56069,49,146,195,0.2512820512820513
56070,47,89,136,0.34558823529411764
56071,17,165,182,0.09340659340659341
56072,77,222,299,0.25752508361204013
56073,30,183,213,0.14084507042253522
56074,51,119,170,0.3
56075,14,66,80,0.175
56076,44,79,123,0.35772357723577236
56077,48,109,157,0.3057324840764331
56078,43,152,195,0.2205128205128205
56079,99,228,327,0.30275229357798167
56080,75,200,275,0.2727272727272727
56081,17,114,131,0.1297709923664122
56082,49,151,200,0.245
56083,8,128,136,0.058823529411764705
56084,37,105,142,0.2605633802816901
56085,120,214,334,0.3592814371257485
56086,54,164,218,0.24770642201834864
56087,86,135,221,0.3891402714932127
56088,64,193,257,0.2490272373540856
56089,57,162,219,0.2602739726027397
56090,67,222,289,0.23183391003460208
56091,123,174,297,0.41414141414141414
56092,2,8,10,0.2
57001,24,79,103,0.23300970873786409
57002,18,123,141,0.1276595744680851
57003,16,119,135,0.11851851851851852
57004,58,78,136,0.4264705882352941
57005,8,33,41,0.1951219512195122
57006,14,101,115,0.12173913043478261
57007,10,56,66,0.15151515151515152
57008,43,78,121,0.35537190082644626
57009,68,142,210,0.3238095238095238
57010,225,222,447,0.5033557046979866
57011,106,125,231,0.4588744588744589
57012,19,133,152,0.125
57013,16,102,118,0.13559322033898305
57014,120,89,209,0.5741626794258373
57015,145,138,283,0.5123674911660777
57016,189,206,395,0.47848101265822784
57017,217,225,442,0.49095022624434387
57018,160,227,387,0.4134366925064599
57019,24,98,122,0.19672131147540983
57021,126,164,290,0.43448275862068964
57022,100,166,266,0.37593984962406013
57023,33,23,56,0.5892857142857143
57024,169,174,343,0.49271137026239065
57025,254,244,498,0.5100401606425703
57026,196,188,384,0.5104166666666666
57027,135,144,279,0.4838709677419355
57028,120,167,287,0.4181184668989547
57029,151,225,376,0.4015957446808511
57030,72,209,281,0.25622775800711745
57031,122,353,475,0.25684210526315787
57032,10,98,108,0.09259259259259259
57033,6,77,83,0.07228915662650602
57034,188,229,417,0.45083932853717024
57035,171,175,346,0.49421965317919075
57036,163,192,355,0.4591549295774648
57037,105,136,241,0.43568464730290457
57038,220,198,418,0.5263157894736842
57039,178,203,381,0.4671916010498688
57040,147,200,347,0.42363112391930835
57041,164,227,391,0.4194373401534527
57042,133,186,319,0.4169278996865204
57043,239,212,451,0.5299334811529933
57044,118,191,309,0.3818770226537217
57045,93,188,281,0.3309608540925267
57046,48,157,205,0.23414634146341465
57047,135,95,230,0.5869565217391305
57048,159,219,378,0.42063492063492064
57049,151,222,373,0.40482573726541554
57050,136,161,297,0.45791245791245794
57051,132,173,305,0.43278688524590164
57052,68,139,207,0.3285024154589372
57053,69,175,244,0.2827868852459016
57054,136,261,397,0.3425692695214106
57055,99,139,238,0.41596638655462187
57056,137,184,321,0.42679127725856697
57057,116,180,296,0.3918918918918919
57058,108,174,282,0.3829787234042553
57059,103,117,220,0.4681818181818182
57060,154,88,242,0.6363636363636364
57061,282,222,504,0.5595238095238095
57062,126,88,214,0.5887850467289719
57063,172,134,306,0.5620915032679739
57064,244,186,430,0.5674418604651162
57065,178,151,329,0.541033434650456
57066,126,168,294,0.42857142857142855
57067,108,172,280,0.38571428571428573
57068,156,226,382,0.4083769633507853
57069,150,242,392,0.3826530612244898
57070,210,234,444,0.47297297297297297
57071,151,97,248,0.6088709677419355
57072,224,164,388,0.5773195876288659
57073,131,130,261,0.5019157088122606
57074,183,183,366,0.5
57075,154,206,360,0.42777777777777776
57076,142,222,364,0.3901098901098901
57077,76,68,144,0.5277777777777778
57078,117,207,324,0.3611111111111111
57079,101,166,267,0.3782771535580524
57080,145,202,347,0.41786743515850144
57081,124,171,295,0.42033898305084744
57082,60,115,175,0.34285714285714286
57083,85,144,229,0.37117903930131
57084,113,159,272,0.41544117647058826
57085,92,183,275,0.33454545454545453
57086,39,107,146,0.2671232876712329
57087,117,218,335,0.3492537313432836
57088,70,129,199,0.35175879396984927
57089,64,163,227,0.28193832599118945
57090,83,318,401,0.20698254364089774
57091,25,185,210,0.11904761904761904
57092,125,193,318,0.39308176100628933
57093,87,151,238,0.36554621848739494
57094,53,80,133,0.39849624060150374
57095,67,120,187,0.3582887700534759
57096,84,125,209,0.4019138755980861
57097,16,80,96,0.16666666666666666
57098,15,92,107,0.14018691588785046
57099,112,128,240,0.4666666666666667
57100,99,153,252,0.39285714285714285
57101,105,206,311,0.33762057877813506
57102,103,140,243,0.42386831275720166
57103,162,114,276,0.5869565217391305
57104,255,197,452,0.5641592920353983
57105,111,166,277,0.4007220216606498
57106,0,0,0,0
65001,93,55,148,0.6283783783783784
65002,87,79,166,0.5240963855421686
65003,118,46,164,0.7195121951219512
65004,105,54,159,0.660377358490566
65005,43,58,101,0.42574257425742573
65006,111,100,211,0.5260663507109005
65007,94,91,185,0.5081081081081081
65008,130,120,250,0.52
65009,73,39,112,0.6517857142857143
65010,85,64,149,0.5704697986577181
65011,85,56,141,0.6028368794326241
65012,79,63,142,0.5563380281690141
65013,71,77,148,0.4797297297297297
65014,116,75,191,0.6073298429319371
65015,98,69,167,0.5868263473053892
65016,145,75,220,0.6590909090909091
65017,0,2,2,0.0
65018,26,83,109,0.23853211009174313
65019,31,78,109,0.28440366972477066
65020,41,93,134,0.30597014925373134
65021,62,120,182,0.34065934065934067
65022,110,98,208,0.5288461538461539
65023,45,54,99,0.45454545454545453
65024,52,64,116,0.4482758620689655
65025,29,42,71,0.4084507042253521
65026,27,35,62,0.43548387096774194
65027,49,111,160,0.30625
65028,76,53,129,0.5891472868217055
65029,61,73,134,0.4552238805970149
65030,82,109,191,0.4293193717277487
65031,74,166,240,0.30833333333333335
65032,75,96,171,0.43859649122807015
65033,63,155,218,0.2889908256880734
65034,30,83,113,0.26548672566371684
65035,39,100,139,0.2805755395683453
65036,32,96,128,0.25
65037,64,100,164,0.3902439024390244
65038,62,109,171,0.36257309941520466
65039,59,139,198,0.29797979797979796
65040,35,121,156,0.22435897435897437
65041,84,70,154,0.5454545454545454
65042,59,77,136,0.4338235294117647
65043,33,121,154,0.21428571428571427
65044,107,135,242,0.44214876033057854
65045,90,140,230,0.391304347826087
65046,64,105,169,0.378698224852071
65047,67,101,168,0.39880952380952384
65048,100,129,229,0.4366812227074236
65049,60,192,252,0.23809523809523808
65050,68,142,210,0.3238095238095238
65051,86,120,206,0.4174757281553398
65052,63,123,186,0.3387096774193548
65053,65,149,214,0.3037383177570093
65054,45,133,178,0.25280898876404495
65055,61,151,212,0.28773584905660377
65056,34,134,168,0.20238095238095238
65057,57,110,167,0.3413173652694611
65058,101,81,182,0.554945054945055
65059,115,92,207,0.5555555555555556
65060,61,68,129,0.4728682170542636
65061,92,81,173,0.5317919075144508
65062,89,60,149,0.5973154362416108
65063,85,73,158,0.5379746835443038
65064,93,83,176,0.5284090909090909
65065,48,37,85,0.5647058823529412
65066,41,44,85,0.4823529411764706
65067,35,12,47,0.7446808510638298
65068,88,93,181,0.4861878453038674
65069,53,59,112,0.4732142857142857
65070,23,14,37,0.6216216216216216
65071,87,87,174,0.5
65072,71,70,141,0.5035460992907801
65073,75,69,144,0.5208333333333334
65074,72,129,201,0.3582089552238806
65075,71,108,179,0.39664804469273746
65076,88,94,182,0.4835164835164835
65077,89,150,239,0.3723849372384937
65078,77,89,166,0.463855421686747
65079,118,139,257,0.4591439688715953
65080,120,103,223,0.5381165919282511
65081,90,106,196,0.45918367346938777
65083,35,114,149,0.2348993288590604
65085,76,51,127,0.5984251968503937
65086,64,46,110,0.5818181818181818
65087,92,59,151,0.609271523178808
65088,148,80,228,0.6491228070175439
65089,54,42,96,0.5625
65090,61,59,120,0.5083333333333333
65091,56,39,95,0.5894736842105263
65092,51,33,84,0.6071428571428571
65093,76,51,127,0.5984251968503937
65094,0,0,0,0
65099,58,49,107,0.5420560747663551
68001,48,139,187,0.25668449197860965
68002,25,151,176,0.14204545454545456
68003,95,95,190,0.5
68004,107,94,201,0.5323383084577115
68005,86,61,147,0.5850340136054422
68006,64,74,138,0.463768115942029
68007,59,31,90,0.6555555555555556
68008,73,48,121,0.6033057851239669
68009,99,31,130,0.7615384615384615
68010,73,41,114,0.6403508771929824
68011,105,63,168,0.625
68012,37,37,74,0.5
68013,38,29,67,0.5671641791044776
68014,65,45,110,0.5909090909090909
68015,93,71,164,0.5670731707317073
68016,27,93,120,0.225
68017,49,126,175,0.28
68018,35,115,150,0.23333333333333334
68019,19,79,98,0.19387755102040816
68020,39,29,68,0.5735294117647058
68021,24,107,131,0.183206106870229
68022,67,127,194,0.34536082474226804
68023,62,121,183,0.33879781420765026
68024,45,54,99,0.45454545454545453
68025,22,63,85,0.25882352941176473
68026,12,106,118,0.1016949152542373
68027,37,75,112,0.33035714285714285
68028,27,74,101,0.26732673267326734
68029,9,32,41,0.21951219512195122
68030,22,113,135,0.16296296296296298
68031,35,222,257,0.13618677042801555
68032,16,88,104,0.15384615384615385
68033,95,128,223,0.4260089686098655
68034,70,140,210,0.3333333333333333
68035,60,126,186,0.3225806451612903
68036,11,68,79,0.13924050632911392
68037,51,97,148,0.34459459459459457
68038,62,101,163,0.3803680981595092
68039,72,135,207,0.34782608695652173
68040,43,94,137,0.31386861313868614
68041,50,139,189,0.26455026455026454
68042,40,128,168,0.23809523809523808
68043,72,116,188,0.3829787234042553
68044,30,93,123,0.24390243902439024
68045,29,40,69,0.42028985507246375
68046,43,127,170,0.2529411764705882
68047,10,104,114,0.08771929824561403
68048,12,99,111,0.10810810810810811
68049,25,102,127,0.1968503937007874
68050,22,177,199,0.11055276381909548
68051,23,125,148,0.1554054054054054
68052,7,182,189,0.037037037037037035
68053,29,115,144,0.2013888888888889
68054,76,95,171,0.4444444444444444
68055,86,132,218,0.3944954128440367
68056,41,89,130,0.3153846153846154
68057,39,111,150,0.26
68058,23,101,124,0.18548387096774194
68059,20,97,117,0.17094017094017094
68060,21,117,138,0.15217391304347827
68061,27,100,127,0.2125984251968504
68062,49,66,115,0.4260869565217391
68063,17,97,114,0.14912280701754385
68064,24,64,88,0.2727272727272727
68065,16,89,105,0.1523809523809524
68066,16,132,148,0.10810810810810811
68067,12,66,78,0.15384615384615385
68068,19,79,98,0.19387755102040816
68069,14,102,116,0.1206896551724138
68070,13,55,68,0.19117647058823528
68071,66,106,172,0.38372093023255816
68072,46,97,143,0.32167832167832167
68073,48,100,148,0.32432432432432434
68074,53,115,168,0.31547619047619047
68075,52,79,131,0.3969465648854962
68076,42,92,134,0.31343283582089554
68077,24,59,83,0.2891566265060241
68078,101,108,209,0.48325358851674644
68079,63,114,177,0.3559322033898305
68080,150,162,312,0.4807692307692308
68081,16,35,51,0.3137254901960784
68082,102,208,310,0.32903225806451614
68083,47,169,216,0.2175925925925926
68084,6,88,94,0.06382978723404255
68085,30,122,152,0.19736842105263158
68086,32,61,93,0.34408602150537637
68087,39,110,149,0.26174496644295303
68088,15,90,105,0.14285714285714285
68089,30,132,162,0.18518518518518517
68090,21,118,139,0.1510791366906475
68091,16,93,109,0.14678899082568808
68092,21,87,108,0.19444444444444445
68093,17,119,136,0.125
68094,4,4,8,0.5
68096,10,44,54,0.18518518518518517
68097,34,135,169,0.20118343195266272
68098,17,76,93,0.1827956989247312
68103,0,0,0,0
68108,21,94,115,0.1826086956521739
68109,40,106,146,0.273972602739726
68110,20,49,69,0.2898550724637681
68111,39,32,71,0.5492957746478874
68112,119,88,207,0.5748792270531401
68113,12,31,43,0.27906976744186046
68114,7,46,53,0.1320754716981132
68115,2,73,75,0.02666666666666667
71001,47,125,172,0.27325581395348836
71002,51,125,176,0.2897727272727273
71003,63,43,106,0.5943396226415094
71004,43,87,130,0.33076923076923076
71005,50,92,142,0.352112676056338
71006,69,140,209,0.33014354066985646
71007,43,97,140,0.30714285714285716
71008,58,148,206,0.2815533980582524
71009,109,116,225,0.48444444444444446
71010,135,103,238,0.5672268907563025
71011,36,135,171,0.21052631578947367
71012,93,121,214,0.43457943925233644
71013,49,113,162,0.30246913580246915
71014,34,135,169,0.20118343195266272
71015,25,97,122,0.20491803278688525
71016,28,118,146,0.1917808219178082
71017,16,104,120,0.13333333333333333
71018,58,277,335,0.17313432835820897
71019,44,354,398,0.11055276381909548
71020,56,329,385,0.14545454545454545
71021,60,129,189,0.31746031746031744
71022,34,156,190,0.17894736842105263
71023,33,161,194,0.17010309278350516
71024,76,94,170,0.4470588235294118
71025,36,106,142,0.2535211267605634
71026,80,148,228,0.3508771929824561
71027,47,120,167,0.281437125748503
71028,53,124,177,0.2994350282485876
71029,72,108,180,0.4
71030,51,124,175,0.2914285714285714
71031,111,159,270,0.4111111111111111
71032,81,155,236,0.3432203389830508
71033,90,148,238,0.37815126050420167
71034,64,147,211,0.3033175355450237
71035,59,135,194,0.30412371134020616
71036,60,121,181,0.3314917127071823
71037,32,102,134,0.23880597014925373
71038,39,156,195,0.2
71039,54,111,165,0.32727272727272727
71040,90,165,255,0.35294117647058826
71041,108,203,311,0.34726688102893893
71042,64,126,190,0.3368421052631579
71043,29,119,148,0.19594594594594594
71044,80,148,228,0.3508771929824561
71045,42,127,169,0.2485207100591716
71046,63,143,206,0.3058252427184466
71047,76,194,270,0.2814814814814815
71048,34,155,189,0.17989417989417988
71049,57,142,199,0.2864321608040201
71050,41,86,127,0.3228346456692913
71051,6,35,41,0.14634146341463414
71052,35,113,148,0.23648648648648649
71053,37,73,110,0.33636363636363636
71054,46,102,148,0.3108108108108108
71055,30,107,137,0.21897810218978103
71056,23,82,105,0.21904761904761905
71057,39,82,121,0.32231404958677684
71058,31,114,145,0.21379310344827587
71059,36,107,143,0.2517482517482518
71060,38,103,141,0.2695035460992908
71061,58,66,124,0.46774193548387094
71062,27,71,98,0.2755102040816326
71063,75,95,170,0.4411764705882353
71064,57,88,145,0.3931034482758621
71065,103,111,214,0.48130841121495327
71066,57,140,197,0.2893401015228426
71067,45,98,143,0.3146853146853147
71068,19,169,188,0.10106382978723404
71069,49,70,119,0.4117647058823529
71070,57,114,171,0.3333333333333333
71071,52,138,190,0.2736842105263158
71072,38,98,136,0.27941176470588236
71073,98,134,232,0.4224137931034483
71074,77,137,214,0.3598130841121495
71075,51,128,179,0.2849162011173184
71076,118,136,254,0.4645669291338583
71077,131,154,285,0.45964912280701753
71078,151,112,263,0.5741444866920152
71079,156,141,297,0.5252525252525253
71080,97,75,172,0.563953488372093
71081,122,118,240,0.5083333333333333
71082,105,127,232,0.4525862068965517
71083,251,126,377,0.6657824933687002
71084,105,60,165,0.6363636363636364
71085,157,95,252,0.623015873015873
71086,13,18,31,0.41935483870967744
71087,16,136,152,0.10526315789473684
71088,19,88,107,0.17757009345794392
71089,14,156,170,0.08235294117647059
71090,29,154,183,0.15846994535519127
71091,18,104,122,0.14754098360655737
71092,91,123,214,0.4252336448598131
71093,60,84,144,0.4166666666666667
71097,97,150,247,0.39271255060728744
71098,73,86,159,0.4591194968553459
71099,45,73,118,0.3813559322033898
71100,36,89,125,0.288
71101,25,75,100,0.25
71102,49,147,196,0.25
71103,34,82,116,0.29310344827586204
71104,45,72,117,0.38461538461538464
71105,63,98,161,0.391304347826087
71106,39,46,85,0.4588235294117647
71107,53,101,154,0.34415584415584416
71108,16,88,104,0.15384615384615385
71109,33,114,147,0.22448979591836735
73001,69,54,123,0.5609756097560976
73002,71,33,104,0.6826923076923077
73003,160,77,237,0.6751054852320675
73004,84,50,134,0.6268656716417911
73005,86,53,139,0.6187050359712231
73006,82,53,135,0.6074074074074074
73007,74,44,118,0.6271186440677966
73008,3,1,4,0.75
73009,146,70,216,0.6759259259259259
73010,137,97,234,0.5854700854700855
73011,97,56,153,0.6339869281045751
73012,51,35,86,0.5930232558139535
73013,79,37,116,0.6810344827586207
73014,42,29,71,0.5915492957746479
73015,34,29,63,0.5396825396825397
73016,78,30,108,0.7222222222222222
73017,93,60,153,0.6078431372549019
73018,105,36,141,0.7446808510638298
73019,76,25,101,0.7524752475247525
73020,4,3,7,0.5714285714285714
73021,121,41,162,0.7469135802469136
73022,120,46,166,0.7228915662650602
73023,111,44,155,0.7161290322580646
73024,100,152,252,0.3968253968253968
73025,140,49,189,0.7407407407407407
73026,145,32,177,0.8192090395480226
73027,90,44,134,0.6716417910447762
73028,128,51,179,0.7150837988826816
73029,115,56,171,0.672514619883041
73030,101,62,163,0.6196319018404908
73031,125,41,166,0.7530120481927711
73032,95,43,138,0.6884057971014492
73033,137,66,203,0.6748768472906403
73034,88,14,102,0.8627450980392157
73035,171,45,216,0.7916666666666666
73036,112,38,150,0.7466666666666667
73037,114,49,163,0.6993865030674846
73038,140,57,197,0.7106598984771574
73039,128,52,180,0.7111111111111111
73040,139,46,185,0.7513513513513513
73041,107,60,167,0.6407185628742516
73042,102,41,143,0.7132867132867133
73043,6,3,9,0.6666666666666666
73044,89,45,134,0.664179104477612
73045,43,29,72,0.5972222222222222
73046,36,16,52,0.6923076923076923
73047,91,35,126,0.7222222222222222
73048,80,38,118,0.6779661016949152
73049,120,50,170,0.7058823529411765
73050,78,24,102,0.7647058823529411
73051,66,27,93,0.7096774193548387
73052,58,9,67,0.8656716417910447
73053,55,32,87,0.632183908045977
73054,69,20,89,0.7752808988764045
73055,109,66,175,0.6228571428571429
73056,73,36,109,0.6697247706422018
73057,113,66,179,0.6312849162011173
73058,62,40,102,0.6078431372549019
73059,67,13,80,0.8375
73060,71,42,113,0.6283185840707964
73061,75,24,99,0.7575757575757576
73062,66,36,102,0.6470588235294118
73063,98,50,148,0.6621621621621622
73064,58,64,122,0.47540983606557374
73065,112,72,184,0.6086956521739131
73066,78,25,103,0.7572815533980582
73067,81,31,112,0.7232142857142857
73068,128,89,217,0.5898617511520737
73069,193,53,246,0.7845528455284553
73070,82,49,131,0.6259541984732825
73071,80,20,100,0.8
73072,60,31,91,0.6593406593406593
73073,102,44,146,0.6986301369863014
73074,96,52,148,0.6486486486486487
73075,96,36,132,0.7272727272727273
73076,95,36,131,0.7251908396946565
73077,65,30,95,0.6842105263157895
73078,86,36,122,0.7049180327868853
73079,133,43,176,0.7556818181818182
73080,126,65,191,0.6596858638743456
73081,100,25,125,0.8
73082,90,31,121,0.743801652892562
73083,136,82,218,0.6238532110091743
73084,106,71,177,0.5988700564971752
73085,108,63,171,0.631578947368421
73086,103,43,146,0.7054794520547946
73087,119,67,186,0.6397849462365591
73088,64,28,92,0.6956521739130435
73089,122,42,164,0.7439024390243902
73090,62,140,202,0.3069306930693069
73091,97,133,230,0.4217391304347826
73092,68,130,198,0.3434343434343434
73093,175,110,285,0.6140350877192983
73094,76,39,115,0.6608695652173913
73095,159,66,225,0.7066666666666667
73096,87,42,129,0.6744186046511628
73097,112,50,162,0.691358024691358
73098,82,30,112,0.7321428571428571
73099,84,43,127,0.6614173228346457
73100,101,44,145,0.696551724137931
73101,57,23,80,0.7125
73102,107,35,142,0.7535211267605634
73103,59,33,92,0.6413043478260869
73104,97,71,168,0.5773809523809523
73105,72,35,107,0.6728971962616822
73106,101,38,139,0.7266187050359713
73107,106,31,137,0.7737226277372263
78001,33,96,129,0.2558139534883721
78002,16,73,89,0.1797752808988764
78003,50,111,161,0.3105590062111801
78004,9,58,67,0.13432835820895522
78005,30,80,110,0.2727272727272727
78006,34,182,216,0.1574074074074074
78008,43,110,153,0.28104575163398693
78009,34,74,108,0.3148148148148148
78010,32,95,127,0.25196850393700787
78011,34,98,132,0.25757575757575757
78012,29,82,111,0.26126126126126126
78013,33,114,147,0.22448979591836735
78014,25,119,144,0.1736111111111111
78015,21,58,79,0.26582278481012656
78016,30,87,117,0.2564102564102564
78017,13,88,101,0.12871287128712872
78018,22,75,97,0.2268041237113402
78019,24,75,99,0.24242424242424243
78020,23,69,92,0.25
78021,18,52,70,0.2571428571428571
78022,27,53,80,0.3375
78023,25,96,121,0.2066115702479339
78024,23,83,106,0.2169811320754717
78025,39,70,109,0.3577981651376147
78026,27,89,116,0.23275862068965517
78027,18,89,107,0.16822429906542055
78028,19,84,103,0.18446601941747573
78029,17,106,123,0.13821138211382114
78030,15,66,81,0.18518518518518517
78031,24,114,138,0.17391304347826086
78032,30,112,142,0.2112676056338028
78033,86,118,204,0.4215686274509804
78034,42,94,136,0.3088235294117647
78035,18,31,49,0.3673469387755102
78036,23,117,140,0.16428571428571428
78037,11,8,19,0.5789473684210527
78038,41,129,170,0.2411764705882353
78039,31,64,95,0.3263157894736842
78040,64,170,234,0.27350427350427353
78041,68,204,272,0.25
78042,0,0,0,0
78043,12,55,67,0.1791044776119403
78044,40,101,141,0.28368794326241137
78045,16,64,80,0.2
78046,11,69,80,0.1375
78047,35,105,140,0.25
78048,111,223,334,0.3323353293413174
78049,63,144,207,0.30434782608695654
78050,46,88,134,0.34328358208955223
78051,26,79,105,0.24761904761904763
78052,16,78,94,0.1702127659574468
78053,35,68,103,0.33980582524271846
78054,21,83,104,0.20192307692307693
78055,0,0,0,0
78056,0,0,0,0
78059,17,72,89,0.19101123595505617
78060,31,106,137,0.22627737226277372
78061,30,65,95,0.3157894736842105
78062,15,74,89,0.16853932584269662
78063,8,90,98,0.08163265306122448
78064,26,65,91,0.2857142857142857
78065,39,55,94,0.4148936170212766
78066,18,16,34,0.5294117647058824
78067,22,93,115,0.19130434782608696
78068,6,36,42,0.14285714285714285
78069,58,144,202,0.2871287128712871
78070,17,96,113,0.1504424778761062
78071,24,75,99,0.24242424242424243
78072,15,48,63,0.23809523809523808
78073,21,68,89,0.23595505617977527
79001,24,71,95,0.25263157894736843
79002,37,154,191,0.193717277486911
79003,88,96,184,0.4782608695652174
79004,33,111,144,0.22916666666666666
79005,47,64,111,0.42342342342342343
79006,20,89,109,0.1834862385321101
79007,30,102,132,0.22727272727272727
79008,24,106,130,0.18461538461538463
79009,10,58,68,0.14705882352941177
79010,11,91,102,0.10784313725490197
79011,10,63,73,0.136986301369863
79012,3,20,23,0.13043478260869565
79013,35,148,183,0.1912568306010929
79014,11,39,50,0.22
79015,23,89,112,0.20535714285714285
79016,22,123,145,0.15172413793103448
79017,27,138,165,0.16363636363636364
79018,17,105,122,0.13934426229508196
79019,10,86,96,0.10416666666666667
79020,29,192,221,0.13122171945701358
79021,15,235,250,0.06
79022,14,184,198,0.0707070707070707
79023,19,159,178,0.10674157303370786
79024,13,124,137,0.0948905109489051
79025,45,90,135,0.3333333333333333
79026,30,114,144,0.20833333333333334
79027,49,129,178,0.2752808988764045
79028,45,118,163,0.27607361963190186
79030,20,122,142,0.14084507042253522
79031,33,103,136,0.2426470588235294
79032,25,116,141,0.1773049645390071
79033,33,172,205,0.16097560975609757
79034,28,106,134,0.208955223880597
79035,25,135,160,0.15625
79036,29,187,216,0.13425925925925927
79037,25,98,123,0.2032520325203252
79038,24,116,140,0.17142857142857143
79039,38,156,194,0.1958762886597938
79040,42,171,213,0.19718309859154928
79041,49,135,184,0.266304347826087
79042,27,132,159,0.16981132075471697
79043,31,127,158,0.1962025316455696
79044,43,120,163,0.26380368098159507
79045,80,79,159,0.5031446540880503
79046,27,132,159,0.16981132075471697
79047,30,128,158,0.189873417721519
79048,33,131,164,0.20121951219512196
79049,32,145,177,0.1807909604519774
79050,22,78,100,0.22
79051,20,155,175,0.11428571428571428
79052,70,81,151,0.46357615894039733
79053,100,55,155,0.6451612903225806
79054,28,107,135,0.2074074074074074
79055,3,28,31,0.0967741935483871
79056,53,86,139,0.381294964028777
79057,61,188,249,0.24497991967871485
79058,50,111,161,0.3105590062111801
79059,20,113,133,0.15037593984962405
79060,6,82,88,0.06818181818181818
79061,49,123,172,0.28488372093023256
79062,70,128,198,0.35353535353535354
79063,47,123,170,0.27647058823529413
79064,39,118,157,0.2484076433121019
79065,22,86,108,0.2037037037037037
79066,41,144,185,0.22162162162162163
79067,17,93,110,0.15454545454545454
79068,75,220,295,0.2542372881355932
79069,89,247,336,0.2648809523809524
79070,84,64,148,0.5675675675675675
79071,14,47,61,0.22950819672131148
79072,50,166,216,0.23148148148148148
79073,25,106,131,0.19083969465648856
79074,2,20,22,0.09090909090909091
79075,26,127,153,0.16993464052287582
79076,38,126,164,0.23170731707317074
79077,3,68,71,0.04225352112676056
79078,18,113,131,0.13740458015267176
79079,20,46,66,0.30303030303030304
79080,0,0,0,0
79082,5,9,14,0.35714285714285715
79083,32,124,156,0.20512820512820512
79084,87,189,276,0.31521739130434784
79085,22,94,116,0.1896551724137931
79086,61,84,145,0.4206896551724138
79087,22,63,85,0.25882352941176473
79088,2,23,25,0.08
79089,44,199,243,0.18106995884773663
79090,56,252,308,0.18181818181818182
81001,33,41,74,0.44594594594594594
81002,17,87,104,0.16346153846153846
81003,28,111,139,0.2014388489208633
81004,23,93,116,0.19827586206896552
81005,34,133,167,0.20359281437125748
81006,36,139,175,0.2057142857142857
81007,38,93,131,0.2900763358778626
81008,11,85,96,0.11458333333333333
81009,28,36,64,0.4375
81010,22,39,61,0.36065573770491804
81011,12,42,54,0.2222222222222222
81012,57,144,201,0.2835820895522388
81013,18,73,91,0.1978021978021978
81014,90,101,191,0.4712041884816754
81015,105,136,241,0.43568464730290457
81017,33,155,188,0.17553191489361702
81018,29,116,145,0.2
81019,51,118,169,0.30177514792899407
81020,50,161,211,0.23696682464454977
81021,38,170,208,0.18269230769230768
81022,40,108,148,0.2702702702702703
81023,41,221,262,0.15648854961832062
81024,26,114,140,0.18571428571428572
81025,27,54,81,0.3333333333333333
81026,33,68,101,0.32673267326732675
81027,54,100,154,0.35064935064935066
81028,33,68,101,0.32673267326732675
81030,34,66,100,0.34
81031,32,51,83,0.3855421686746988
81032,31,50,81,0.38271604938271603
81033,51,138,189,0.2698412698412698
81034,91,164,255,0.3568627450980392
81035,79,166,245,0.3224489795918367
81036,56,85,141,0.3971631205673759
81037,84,97,181,0.46408839779005523
81038,28,160,188,0.14893617021276595
81039,25,60,85,0.29411764705882354
81040,31,135,166,0.18674698795180722
81041,96,128,224,0.42857142857142855
81042,27,49,76,0.35526315789473684
81043,77,107,184,0.41847826086956524
81044,29,73,102,0.28431372549019607
81046,19,47,66,0.2878787878787879
81047,19,37,56,0.3392857142857143
81048,106,116,222,0.4774774774774775
81049,91,72,163,0.558282208588957
81050,95,115,210,0.4523809523809524
81051,89,83,172,0.5174418604651163
81052,54,46,100,0.54
81054,102,134,236,0.4322033898305085
81055,108,141,249,0.43373493975903615
81056,75,132,207,0.36231884057971014
81057,70,84,154,0.45454545454545453
81058,64,76,140,0.45714285714285713
81059,78,84,162,0.48148148148148145
81060,77,109,186,0.41397849462365593
81061,62,54,116,0.5344827586206896
81062,99,129,228,0.4342105263157895
81063,86,110,196,0.4387755102040816
81064,171,226,397,0.43073047858942065
81065,120,134,254,0.47244094488188976
81066,125,110,235,0.5319148936170213
81067,94,72,166,0.5662650602409639
81068,131,109,240,0.5458333333333333
81069,178,157,335,0.5313432835820896
81070,59,41,100,0.59
81071,99,109,208,0.47596153846153844
81072,173,193,366,0.4726775956284153
81073,172,201,373,0.46112600536193027
81074,113,131,244,0.46311475409836067
81075,105,164,269,0.3903345724907063
81076,153,131,284,0.5387323943661971
81077,117,113,230,0.508695652173913
81078,145,196,341,0.4252199413489736
81079,166,138,304,0.5460526315789473
81080,169,151,320,0.528125
81081,99,167,266,0.37218045112781956
81082,129,81,210,0.6142857142857143
81083,92,86,178,0.5168539325842697
81084,189,169,358,0.5279329608938548
81085,43,74,117,0.36752136752136755
81086,117,138,255,0.4588235294117647
81087,93,98,191,0.4869109947643979
81088,75,111,186,0.4032258064516129
81089,67,169,236,0.2838983050847458
81090,124,121,245,0.5061224489795918
81091,146,1,147,0.9931972789115646
81092,21,116,137,0.15328467153284672
81093,28,85,113,0.24778761061946902
81094,24,90,114,0.21052631578947367
81095,16,37,53,0.3018867924528302
81096,46,63,109,0.42201834862385323
81097,52,132,184,0.2826086956521739
81098,50,66,116,0.43103448275862066
81099,61,110,171,0.3567251461988304
81100,23,104,127,0.18110236220472442
81103,0,0,0,0
81104,0,0,0,0
81105,0,0,0,0
81106,0,0,0,0
81107,13,44,57,0.22807017543859648
82001,45,97,142,0.31690140845070425
82002,38,89,127,0.2992125984251969
82003,16,62,78,0.20512820512820512
82004,39,84,123,0.3170731707317073
82005,39,129,168,0.23214285714285715
82006,35,86,121,0.2892561983471074
82007,28,111,139,0.2014388489208633
82008,70,142,212,0.330188679245283
82009,56,125,181,0.30939226519337015
82010,37,139,176,0.21022727272727273
82011,32,111,143,0.22377622377622378
82012,12,68,80,0.15
82013,33,90,123,0.2682926829268293
82014,16,38,54,0.2962962962962963
82015,36,160,196,0.1836734693877551
82016,52,112,164,0.3170731707317073
82017,46,114,160,0.2875
82018,25,68,93,0.26881720430107525
82019,25,52,77,0.3246753246753247
82020,25,57,82,0.3048780487804878
82021,36,65,101,0.3564356435643564
82022,52,106,158,0.3291139240506329
82023,39,96,135,0.28888888888888886
82024,68,96,164,0.4146341463414634
82025,34,105,139,0.2446043165467626
82026,0,0,0,0
82027,26,96,122,0.21311475409836064
82028,59,109,168,0.35119047619047616
82029,12,25,37,0.32432432432432434
82030,52,142,194,0.26804123711340205
82031,35,174,209,0.1674641148325359
82032,45,84,129,0.3488372093023256
82033,60,75,135,0.4444444444444444
82034,41,60,101,0.40594059405940597
82035,53,112,165,0.3212121212121212
82036,65,118,183,0.3551912568306011
82037,49,114,163,0.3006134969325153
82038,56,168,224,0.25
82039,53,73,126,0.42063492063492064
82040,28,59,87,0.3218390804597701
82041,41,75,116,0.35344827586206895
82042,24,52,76,0.3157894736842105
82043,29,66,95,0.30526315789473685
82044,30,80,110,0.2727272727272727
82045,29,61,90,0.32222222222222224
82046,48,63,111,0.43243243243243246
82047,30,54,84,0.35714285714285715
82048,25,73,98,0.25510204081632654
82049,27,93,120,0.225
82050,54,81,135,0.4
82051,51,111,162,0.3148148148148148
82052,73,101,174,0.41954022988505746
82053,55,98,153,0.35947712418300654
82054,7,0,7,1.0
82055,18,86,104,0.17307692307692307
82056,42,71,113,0.37168141592920356
82057,50,46,96,0.5208333333333334
82058,50,67,117,0.42735042735042733
82059,11,19,30,0.36666666666666664
82060,61,84,145,0.4206896551724138
82061,102,102,204,0.5
82062,64,82,146,0.4383561643835616
82063,52,58,110,0.4727272727272727
82064,53,134,187,0.28342245989304815
82065,52,123,175,0.29714285714285715
82066,72,115,187,0.3850267379679144
82067,66,181,247,0.26720647773279355
82068,52,133,185,0.2810810810810811
82069,36,153,189,0.19047619047619047
82070,39,160,199,0.19597989949748743
82071,57,138,195,0.2923076923076923
82072,56,162,218,0.25688073394495414
82073,44,146,190,0.23157894736842105
82074,37,121,158,0.23417721518987342
82075,44,126,170,0.25882352941176473
82076,44,127,171,0.2573099415204678
82077,60,181,241,0.24896265560165975
82078,79,232,311,0.2540192926045016
82079,63,41,104,0.6057692307692307
82080,67,144,211,0.3175355450236967
82081,60,137,197,0.30456852791878175
82082,63,130,193,0.32642487046632124
82084,62,206,268,0.23134328358208955
82085,56,174,230,0.24347826086956523
82086,50,100,150,0.3333333333333333
82087,59,151,210,0.28095238095238095
82088,53,127,180,0.29444444444444445
82089,42,187,229,0.18340611353711792
82090,54,150,204,0.2647058823529412
82091,28,89,117,0.23931623931623933
82092,80,173,253,0.31620553359683795
82093,66,121,187,0.35294117647058826
82094,40,168,208,0.19230769230769232
82095,55,191,246,0.22357723577235772
82096,48,127,175,0.2742857142857143
82097,63,172,235,0.2680851063829787
82098,55,207,262,0.2099236641221374
82099,52,198,250,0.208
82100,39,171,210,0.18571428571428572
82101,38,173,211,0.18009478672985782
82102,37,166,203,0.18226600985221675
82103,38,118,156,0.24358974358974358
82104,52,184,236,0.22033898305084745
82105,69,148,217,0.31797235023041476
82106,0,1,1,0.0
82107,14,45,59,0.23728813559322035
82108,0,0,0,0
82109,39,49,88,0.4431818181818182
82110,0,0,0,0
82114,0,0,0,0
82115,0,0,0,0
82116,0,0,0,0
82118,0,0,0,0
82119,41,66,107,0.38317757009345793
85001,99,205,304,0.3256578947368421
85002,64,255,319,0.2006269592476489
85003,63,249,312,0.20192307692307693
85004,38,116,154,0.24675324675324675
85005,64,127,191,0.33507853403141363
85006,39,83,122,0.319672131147541
85007,50,74,124,0.4032258064516129
85008,32,88,120,0.26666666666666666
85009,34,108,142,0.23943661971830985
85010,37,113,150,0.24666666666666667
85011,39,101,140,0.2785714285714286
85012,44,98,142,0.30985915492957744
85013,77,203,280,0.275
85014,16,89,105,0.1523809523809524
85015,29,100,129,0.2248062015503876
85016,16,83,99,0.16161616161616163
85017,31,51,82,0.3780487804878049
85018,2,5,7,0.2857142857142857
85019,78,259,337,0.2314540059347181
85020,43,216,259,0.16602316602316602
85021,72,171,243,0.2962962962962963
85022,32,85,117,0.27350427350427353
85023,20,78,98,0.20408163265306123
85024,83,190,273,0.304029304029304
85025,34,133,167,0.20359281437125748
85026,50,132,182,0.27472527472527475
85027,61,131,192,0.3177083333333333
85028,5,13,18,0.2777777777777778
85029,22,105,127,0.1732283464566929
85030,23,129,152,0.1513157894736842
85031,22,55,77,0.2857142857142857
85032,15,5,20,0.75
85033,40,112,152,0.2631578947368421
85034,12,81,93,0.12903225806451613
85035,0,0,0,0
85036,21,127,148,0.14189189189189189
85037,50,189,239,0.20920502092050208
85038,21,65,86,0.2441860465116279
85039,24,116,140,0.17142857142857143
85040,27,57,84,0.32142857142857145
85041,21,95,116,0.1810344827586207
85042,33,126,159,0.20754716981132076
85043,33,103,136,0.2426470588235294
85044,23,73,96,0.23958333333333334
85045,35,67,102,0.3431372549019608
85046,25,78,103,0.24271844660194175
85047,13,49,62,0.20967741935483872
85048,33,126,159,0.20754716981132076
85049,29,113,142,0.20422535211267606
85050,41,154,195,0.21025641025641026
85051,42,143,185,0.22702702702702704
85052,35,112,147,0.23809523809523808
85053,40,105,145,0.27586206896551724
85054,52,110,162,0.32098765432098764
85055,22,151,173,0.12716763005780346
85056,17,97,114,0.14912280701754385
85057,30,79,109,0.27522935779816515
85058,46,139,185,0.24864864864864866
85059,20,96,116,0.1724137931034483
85060,25,85,110,0.22727272727272727
85061,18,157,175,0.10285714285714286
85062,24,9,33,0.7272727272727273
85063,29,78,107,0.27102803738317754
85064,18,96,114,0.15789473684210525
85065,29,117,146,0.19863013698630136
85066,29,56,85,0.3411764705882353
85067,24,109,133,0.18045112781954886
85068,44,95,139,0.31654676258992803
85069,34,139,173,0.19653179190751446
85070,25,82,107,0.2336448598130841
85071,0,47,47,0.0
85073,0,0,0,0
85075,0,0,0,0
85076,0,0,0,0
85078,0,0,0,0
85080,20,48,68,0.29411764705882354
85081,12,140,152,0.07894736842105263
85082,15,72,87,0.1724137931034483
85083,20,53,73,0.273972602739726
85084,24,83,107,0.22429906542056074
85085,14,61,75,0.18666666666666668
87002,18,96,114,0.15789473684210525
87003,24,44,68,0.35294117647058826
87004,36,76,112,0.32142857142857145
87005,28,77,105,0.26666666666666666
87006,26,133,159,0.16352201257861634
87007,16,77,93,0.17204301075268819
87008,29,82,111,0.26126126126126126
87009,23,119,142,0.1619718309859155
87010,33,116,149,0.2214765100671141
87011,43,119,162,0.2654320987654321
87013,25,42,67,0.373134328358209
87014,13,29,42,0.30952380952380953
87016,19,60,79,0.24050632911392406
87017,15,43,58,0.25862068965517243
87018,47,76,123,0.3821138211382114
87019,20,83,103,0.1941747572815534
87020,47,102,149,0.31543624161073824
87021,7,3,10,0.7
87022,44,61,105,0.41904761904761906
87023,25,3,28,0.8928571428571429
87024,13,104,117,0.1111111111111111
87025,26,52,78,0.3333333333333333
87026,30,140,170,0.17647058823529413
87027,19,81,100,0.19
87028,44,158,202,0.21782178217821782
87029,31,92,123,0.25203252032520324
87030,21,33,54,0.3888888888888889
87031,31,58,89,0.34831460674157305
87032,32,82,114,0.2807017543859649
87033,15,89,104,0.14423076923076922
87034,17,98,115,0.14782608695652175
87035,45,113,158,0.2848101265822785
87036,32,138,170,0.18823529411764706
87037,51,116,167,0.30538922155688625
87038,18,71,89,0.20224719101123595
87039,62,147,209,0.2966507177033493
87040,58,109,167,0.3473053892215569
87041,40,105,145,0.27586206896551724
87042,60,136,196,0.30612244897959184
87043,0,0,0,0
87044,13,25,38,0.34210526315789475
87045,7,16,23,0.30434782608695654
87046,33,79,112,0.29464285714285715
87047,74,199,273,0.27106227106227104
87048,65,157,222,0.2927927927927928
87049,84,110,194,0.4329896907216495
87050,67,133,200,0.335
87051,42,176,218,0.1926605504587156
87052,84,143,227,0.3700440528634361
87053,106,126,232,0.45689655172413796
87054,79,362,441,0.17913832199546487
87055,86,181,267,0.32209737827715357
87056,104,167,271,0.3837638376383764
87057,74,147,221,0.334841628959276
87058,54,166,220,0.24545454545454545
87059,72,120,192,0.375
87060,91,107,198,0.4595959595959596
87061,116,172,288,0.4027777777777778
87062,47,105,152,0.3092105263157895
87063,7,0,7,1.0
87064,0,48,48,0.0
87065,19,66,85,0.2235294117647059
87066,34,145,179,0.18994413407821228
87067,38,111,149,0.2550335570469799
87068,54,114,168,0.32142857142857145
87069,35,99,134,0.26119402985074625
87070,15,59,74,0.20270270270270271
87071,11,78,89,0.12359550561797752
87072,28,89,117,0.23931623931623933
87073,1,3,4,0.25
87074,44,129,173,0.2543352601156069
87075,33,101,134,0.2462686567164179
87076,40,73,113,0.35398230088495575
87077,46,117,163,0.2822085889570552
87078,38,110,148,0.25675675675675674
87079,10,33,43,0.23255813953488372
87080,27,80,107,0.2523364485981308
87081,47,111,158,0.2974683544303797
87082,19,88,107,0.17757009345794392
87083,2,0,2,1.0
87084,27,30,57,0.47368421052631576
87085,51,137,188,0.2712765957446808
87086,54,101,155,0.34838709677419355
87087,78,233,311,0.2508038585209003
87088,8,58,66,0.12121212121212122
87089,25,77,102,0.24509803921568626
87091,0,0,0,0
87092,0,0,0,0
87094,0,0,0,0
87096,20,51,71,0.28169014084507044
87097,40,58,98,0.40816326530612246
87098,45,112,157,0.28662420382165604
87099,46,205,251,0.18326693227091634
87100,37,95,132,0.2803030303030303
87101,58,93,151,0.3841059602649007
87102,18,73,91,0.1978021978021978
