ed,Absentee / Military,Public Counter,total,share
24001,44,58,102,0.43137254901960786
24002,76,93,169,0.44970414201183434
24003,62,81,143,0.43356643356643354
24004,37,62,99,0.37373737373737376
24005,54,75,129,0.4186046511627907
24006,47,57,104,0.4519230769230769
24007,62,63,125,0.496
24008,9,16,25,0.36
24009,1,2,3,0.3333333333333333
24010,47,31,78,0.6025641025641025
24011,39,57,96,0.40625
24013,76,103,179,0.4245810055865922
24014,35,72,107,0.32710280373831774
24015,44,52,96,0.4583333333333333
24061,68,54,122,0.5573770491803278
25025,62,41,103,0.6019417475728155
25058,43,44,87,0.4942528735632184
26003,60,60,120,0.5
26004,34,42,76,0.4473684210526316
26005,27,47,74,0.36486486486486486
26006,46,56,102,0.45098039215686275
26007,29,31,60,0.48333333333333334
26008,74,80,154,0.4805194805194805
26009,75,90,165,0.45454545454545453
26010,82,68,150,0.5466666666666666
26011,39,56,95,0.4105263157894737
26012,45,47,92,0.4891304347826087
26013,38,64,102,0.37254901960784315
26014,57,51,108,0.5277777777777778
26015,83,70,153,0.5424836601307189
26016,117,47,164,0.7134146341463414
26017,65,44,109,0.5963302752293578
26018,43,36,79,0.5443037974683544
26019,57,37,94,0.6063829787234043
26020,147,81,228,0.6447368421052632
26021,71,57,128,0.5546875
26022,94,67,161,0.5838509316770186
26023,82,72,154,0.5324675324675324
26024,108,57,165,0.6545454545454545
26025,88,45,133,0.6616541353383458
26026,119,91,210,0.5666666666666667
26027,80,59,139,0.5755395683453237
26028,76,73,149,0.5100671140939598
26029,93,67,160,0.58125
26030,92,84,176,0.5227272727272727
26031,80,75,155,0.5161290322580645
26032,73,69,142,0.5140845070422535
26033,90,78,168,0.5357142857142857
26034,80,69,149,0.5369127516778524
26035,70,44,114,0.6140350877192983
26045,86,70,156,0.5512820512820513
26046,91,78,169,0.5384615384615384
26047,121,59,180,0.6722222222222223
26048,69,53,122,0.5655737704918032
26049,71,39,110,0.6454545454545455
26071,83,93,176,0.4715909090909091
26072,65,83,148,0.4391891891891892
26073,78,89,167,0.46706586826347307
26074,30,64,94,0.3191489361702128
26075,60,61,121,0.49586776859504134
26076,42,2,44,0.9545454545454546
26077,0,0,0,0
26078,0,0,0,0
26079,26,39,65,0.4
26084,83,72,155,0.535483870967742
26085,53,42,95,0.5578947368421052
27023,57,44,101,0.5643564356435643
27051,32,52,84,0.38095238095238093
27076,0,0,0,0
33001,57,66,123,0.4634146341463415
33002,38,52,90,0.4222222222222222
33003,37,50,87,0.42528735632183906
33004,48,55,103,0.46601941747572817
33005,48,59,107,0.4485981308411215
33006,72,66,138,0.5217391304347826
33007,48,61,109,0.44036697247706424
33008,59,65,124,0.47580645161290325
33009,78,47,125,0.624
33010,43,51,94,0.4574468085106383
33011,50,94,144,0.3472222222222222
33012,41,75,116,0.35344827586206895
33075,42,60,102,0.4117647058823529
40001,24,40,64,0.375
40002,39,51,90,0.43333333333333335
23001,29,75,104,0.27884615384615385
23002,28,69,97,0.28865979381443296
23003,26,83,109,0.23853211009174313
23005,43,54,97,0.44329896907216493
23006,55,63,118,0.4661016949152542
23007,50,74,124,0.4032258064516129
23008,49,105,154,0.3181818181818182
23009,45,74,119,0.37815126050420167
23010,48,101,149,0.3221476510067114
23011,50,104,154,0.3246753246753247
23012,35,105,140,0.25
23013,45,108,153,0.29411764705882354
23014,41,141,182,0.22527472527472528
23015,13,80,93,0.13978494623655913
23016,7,104,111,0.06306306306306306
23017,18,142,160,0.1125
23018,21,142,163,0.12883435582822086
23019,31,77,108,0.28703703703703703
23020,0,0,0,0
23021,63,110,173,0.36416184971098264
23023,12,32,44,0.2727272727272727
23024,33,120,153,0.21568627450980393
23025,29,110,139,0.20863309352517986
23026,16,133,149,0.10738255033557047
23027,32,85,117,0.27350427350427353
23028,43,107,150,0.2866666666666667
23029,20,137,157,0.12738853503184713
23030,31,77,108,0.28703703703703703
23031,25,135,160,0.15625
23032,32,91,123,0.2601626016260163
23033,26,131,157,0.16560509554140126
23034,25,106,131,0.19083969465648856
23035,17,143,160,0.10625
23036,29,146,175,0.1657142857142857
23037,29,166,195,0.14871794871794872
23038,26,38,64,0.40625
23039,48,96,144,0.3333333333333333
23040,20,75,95,0.21052631578947367
23041,18,37,55,0.32727272727272727
23042,31,139,170,0.18235294117647058
23070,30,76,106,0.2830188679245283
23072,0,0,0,0
23083,0,0,0,0
23085,34,90,124,0.27419354838709675
23086,13,80,93,0.13978494623655913
23087,38,62,100,0.38
23088,7,103,110,0.06363636363636363
23091,0,5,5,0.0
23092,47,48,95,0.49473684210526314
24026,25,58,83,0.30120481927710846
24027,55,193,248,0.2217741935483871
24028,77,86,163,0.4723926380368098
24029,59,189,248,0.23790322580645162
24030,59,168,227,0.2599118942731278
24031,16,60,76,0.21052631578947367
24032,40,39,79,0.5063291139240507
24033,61,61,122,0.5
24034,51,22,73,0.6986301369863014
24035,47,79,126,0.373015873015873
24036,23,45,68,0.3382352941176471
24037,49,69,118,0.4152542372881356
24039,5,9,14,0.35714285714285715
24040,76,136,212,0.3584905660377358
24057,23,27,50,0.46
24058,15,30,45,0.3333333333333333
24059,24,78,102,0.23529411764705882
24060,4,15,19,0.21052631578947367
24063,17,47,64,0.265625
24064,20,51,71,0.28169014084507044
24065,14,37,51,0.27450980392156865
24066,17,61,78,0.21794871794871795
24068,45,46,91,0.4945054945054945
24069,16,64,80,0.2
24070,34,35,69,0.4927536231884058
24071,14,52,66,0.21212121212121213
24072,29,60,89,0.3258426966292135
24073,21,62,83,0.25301204819277107
24074,16,74,90,0.17777777777777778
24075,22,38,60,0.36666666666666664
24076,34,51,85,0.4
24077,18,75,93,0.1935483870967742
24079,32,56,88,0.36363636363636365
24081,0,0,0,0
24082,0,0,0,0
24087,28,43,71,0.39436619718309857
24088,16,58,74,0.21621621621621623
24090,33,54,87,0.3793103448275862
24091,51,72,123,0.4146341463414634
27002,18,64,82,0.21951219512195122
27069,0,0,0,0
27082,25,40,65,0.38461538461538464
28002,27,38,65,0.4153846153846154
28003,69,111,180,0.38333333333333336
28004,8,40,48,0.16666666666666666
28005,11,50,61,0.18032786885245902
29001,32,104,136,0.23529411764705882
29002,27,139,166,0.16265060240963855
29003,14,122,136,0.10294117647058823
29004,13,61,74,0.17567567567567569
29005,21,43,64,0.328125
29006,69,148,217,0.31797235023041476
29008,38,70,108,0.35185185185185186
29009,40,72,112,0.35714285714285715
29010,16,63,79,0.20253164556962025
29011,32,50,82,0.3902439024390244
29012,23,132,155,0.14838709677419354
29013,17,53,70,0.24285714285714285
29014,6,135,141,0.0425531914893617
29015,28,175,203,0.13793103448275862
29016,22,71,93,0.23655913978494625
29017,27,104,131,0.20610687022900764
29018,24,111,135,0.17777777777777778
29019,27,96,123,0.21951219512195122
29020,17,126,143,0.11888111888111888
29021,39,139,178,0.21910112359550563
29022,57,146,203,0.28078817733990147
29023,36,175,211,0.17061611374407584
29024,73,234,307,0.23778501628664495
29025,59,229,288,0.2048611111111111
29026,69,239,308,0.22402597402597402
29027,59,137,196,0.3010204081632653
29028,35,208,243,0.1440329218106996
29029,60,205,265,0.22641509433962265
29030,50,206,256,0.1953125
29031,42,202,244,0.1721311475409836
29032,48,206,254,0.1889763779527559
29033,67,198,265,0.2528301886792453
29034,36,205,241,0.14937759336099585
29035,46,159,205,0.22439024390243903
29036,28,57,85,0.32941176470588235
29037,25,58,83,0.30120481927710846
29038,21,73,94,0.22340425531914893
29039,28,82,110,0.2545454545454545
29040,22,126,148,0.14864864864864866
29041,27,129,156,0.17307692307692307
29042,18,141,159,0.11320754716981132
29043,29,160,189,0.15343915343915343
29044,37,191,228,0.16228070175438597
29045,31,193,224,0.13839285714285715
29046,27,258,285,0.09473684210526316
29047,34,56,90,0.37777777777777777
29048,24,285,309,0.07766990291262135
29049,18,152,170,0.10588235294117647
29050,35,191,226,0.15486725663716813
29051,38,208,246,0.15447154471544716
29052,50,205,255,0.19607843137254902
29053,33,178,211,0.15639810426540285
29054,52,158,210,0.24761904761904763
29055,50,189,239,0.20920502092050208
29056,32,147,179,0.1787709497206704
29057,54,172,226,0.23893805309734514
29058,51,203,254,0.20078740157480315
29059,64,226,290,0.2206896551724138
29060,84,238,322,0.2608695652173913
29061,70,214,284,0.24647887323943662
29062,82,235,317,0.2586750788643533
29063,65,227,292,0.2226027397260274
29064,57,167,224,0.2544642857142857
29065,43,204,247,0.17408906882591094
29066,69,186,255,0.27058823529411763
29067,77,174,251,0.30677290836653387
29068,70,128,198,0.35353535353535354
29069,10,82,92,0.10869565217391304
29070,32,100,132,0.24242424242424243
29071,27,144,171,0.15789473684210525
29072,24,89,113,0.21238938053097345
29073,21,83,104,0.20192307692307693
29074,32,118,150,0.21333333333333335
29075,39,155,194,0.20103092783505155
29076,36,96,132,0.2727272727272727
29077,28,148,176,0.1590909090909091
29078,27,87,114,0.23684210526315788
29079,32,175,207,0.15458937198067632
29080,37,135,172,0.21511627906976744
31001,25,45,70,0.35714285714285715
31002,17,64,81,0.20987654320987653
31003,22,53,75,0.29333333333333333
31004,28,71,99,0.2828282828282828
31005,20,79,99,0.20202020202020202
31007,25,74,99,0.25252525252525254
31008,44,57,101,0.43564356435643564
31009,22,45,67,0.3283582089552239
31010,45,59,104,0.4326923076923077
31011,29,129,158,0.18354430379746836
31012,32,59,91,0.3516483516483517
31013,26,100,126,0.20634920634920634
31014,44,88,132,0.3333333333333333
31015,45,93,138,0.32608695652173914
31016,58,73,131,0.44274809160305345
31017,41,73,114,0.35964912280701755
31018,44,106,150,0.29333333333333333
31019,51,142,193,0.26424870466321243
31020,6,37,43,0.13953488372093023
31021,6,21,27,0.2222222222222222
31022,19,79,98,0.19387755102040816
31023,30,65,95,0.3157894736842105
31024,47,82,129,0.3643410852713178
31025,25,60,85,0.29411764705882354
31026,33,70,103,0.32038834951456313
31027,26,38,64,0.40625
31028,23,40,63,0.36507936507936506
31029,37,188,225,0.16444444444444445
31031,5,3,8,0.625
31032,23,117,140,0.16428571428571428
31033,12,66,78,0.15384615384615385
31034,39,184,223,0.17488789237668162
31035,32,155,187,0.1711229946524064
31036,45,172,217,0.2073732718894009
31037,20,187,207,0.0966183574879227
31038,19,251,270,0.07037037037037037
31039,39,158,197,0.19796954314720813
31040,48,188,236,0.2033898305084746
31041,37,185,222,0.16666666666666666
31042,22,230,252,0.0873015873015873
31043,46,168,214,0.21495327102803738
31044,23,121,144,0.1597222222222222
31045,16,175,191,0.08376963350785341
31046,46,134,180,0.25555555555555554
31047,29,188,217,0.1336405529953917
31048,14,156,170,0.08235294117647059
31049,28,207,235,0.11914893617021277
31050,3,74,77,0.03896103896103896
31051,22,161,183,0.12021857923497267
31052,24,218,242,0.09917355371900827
31053,33,140,173,0.1907514450867052
31054,27,139,166,0.16265060240963855
31055,11,183,194,0.05670103092783505
31056,21,144,165,0.12727272727272726
31057,29,193,222,0.13063063063063063
31058,13,133,146,0.08904109589041095
31059,11,111,122,0.09016393442622951
31060,0,1,1,0.0
31061,13,150,163,0.07975460122699386
31062,13,120,133,0.09774436090225563
31063,26,148,174,0.14942528735632185
31064,13,174,187,0.06951871657754011
31071,0,0,0,0
31072,0,0,0,0
31073,0,0,0,0
31074,0,0,0,0
31078,48,99,147,0.32653061224489793
31079,27,131,158,0.17088607594936708
31080,14,36,50,0.28
31081,35,62,97,0.36082474226804123
31082,27,105,132,0.20454545454545456
31083,36,138,174,0.20689655172413793
31084,42,164,206,0.20388349514563106
31085,19,94,113,0.168141592920354
31086,31,170,201,0.15422885572139303
32001,29,138,167,0.17365269461077845
32003,41,159,200,0.205
32004,41,165,206,0.19902912621359223
32005,29,81,110,0.2636363636363636
32006,27,107,134,0.20149253731343283
32008,1,21,22,0.045454545454545456
32010,4,11,15,0.26666666666666666
32011,18,47,65,0.27692307692307694
32013,17,57,74,0.22972972972972974
32014,0,3,3,0.0
32015,14,113,127,0.11023622047244094
32016,16,84,100,0.16
32017,37,100,137,0.27007299270072993
32018,13,94,107,0.12149532710280374
32019,14,87,101,0.13861386138613863
32020,7,72,79,0.08860759493670886
32021,10,95,105,0.09523809523809523
32022,30,83,113,0.26548672566371684
32023,21,133,154,0.13636363636363635
32024,24,102,126,0.19047619047619047
32025,16,133,149,0.10738255033557047
32026,13,123,136,0.09558823529411764
32027,45,105,150,0.3
32028,36,109,145,0.2482758620689655
32029,25,135,160,0.15625
32030,24,131,155,0.15483870967741936
32031,46,122,168,0.27380952380952384
32032,22,115,137,0.16058394160583941
32033,52,131,183,0.28415300546448086
32034,42,155,197,0.2131979695431472
32035,23,119,142,0.1619718309859155
32036,33,133,166,0.19879518072289157
32037,28,120,148,0.1891891891891892
32038,48,148,196,0.24489795918367346
32039,22,145,167,0.1317365269461078
32040,32,141,173,0.18497109826589594
32041,37,177,214,0.17289719626168223
32042,30,170,200,0.15
32043,41,155,196,0.20918367346938777
32044,16,47,63,0.25396825396825395
32045,41,182,223,0.18385650224215247
32046,22,131,153,0.1437908496732026
32047,32,106,138,0.2318840579710145
32048,25,110,135,0.18518518518518517
32049,29,143,172,0.1686046511627907
32050,27,124,151,0.17880794701986755
32051,42,155,197,0.2131979695431472
32052,35,109,144,0.24305555555555555
32053,52,146,198,0.26262626262626265
32054,36,116,152,0.23684210526315788
32055,54,117,171,0.3157894736842105
32056,17,50,67,0.2537313432835821
32057,50,153,203,0.24630541871921183
32058,38,177,215,0.17674418604651163
32059,40,138,178,0.2247191011235955
32060,43,189,232,0.1853448275862069
32061,28,128,156,0.1794871794871795
32062,34,272,306,0.1111111111111111
32063,43,264,307,0.14006514657980457
32064,32,276,308,0.1038961038961039
32065,29,249,278,0.10431654676258993
32066,28,143,171,0.16374269005847952
32067,41,227,268,0.15298507462686567
32068,41,255,296,0.13851351351351351
32069,46,251,297,0.15488215488215487
32070,41,292,333,0.12312312312312312
32071,63,353,416,0.15144230769230768
32072,31,208,239,0.1297071129707113
32073,29,136,165,0.17575757575757575
32074,22,130,152,0.14473684210526316
32075,37,227,264,0.14015151515151514
32077,18,123,141,0.1276595744680851
32078,27,129,156,0.17307692307692307
32079,52,137,189,0.2751322751322751
32080,33,105,138,0.2391304347826087
32081,18,97,115,0.1565217391304348
32082,13,100,113,0.11504424778761062
32083,27,98,125,0.216
32084,22,117,139,0.15827338129496402
33013,28,76,104,0.2692307692307692
33014,54,62,116,0.46551724137931033
33015,54,86,140,0.38571428571428573
33016,5,33,38,0.13157894736842105
33017,51,107,158,0.3227848101265823
33018,28,74,102,0.27450980392156865
33019,46,89,135,0.34074074074074073
33020,34,76,110,0.3090909090909091
33021,40,120,160,0.25
33022,38,93,131,0.2900763358778626
33023,30,82,112,0.26785714285714285
33024,26,71,97,0.26804123711340205
33025,27,97,124,0.21774193548387097
33026,30,92,122,0.2459016393442623
33027,33,89,122,0.27049180327868855
33028,33,121,154,0.21428571428571427
33029,39,197,236,0.1652542372881356
33030,46,145,191,0.24083769633507854
33031,37,163,200,0.185
33032,49,189,238,0.20588235294117646
33033,37,157,194,0.19072164948453607
33034,33,156,189,0.1746031746031746
33035,24,179,203,0.11822660098522167
33036,37,195,232,0.15948275862068967
33037,42,215,257,0.16342412451361868
33038,43,185,228,0.18859649122807018
33039,35,177,212,0.1650943396226415
33040,40,153,193,0.20725388601036268
33041,36,170,206,0.17475728155339806
33042,38,129,167,0.2275449101796407
33043,42,94,136,0.3088235294117647
33044,44,178,222,0.1981981981981982
33045,35,193,228,0.15350877192982457
33046,43,197,240,0.17916666666666667
33047,45,160,205,0.21951219512195122
33048,39,144,183,0.21311475409836064
33049,38,131,169,0.22485207100591717
33050,32,133,165,0.19393939393939394
33051,34,142,176,0.19318181818181818
33052,29,167,196,0.14795918367346939
33053,36,166,202,0.1782178217821782
33054,62,179,241,0.2572614107883817
33055,50,169,219,0.228310502283105
33056,69,206,275,0.2509090909090909
33057,70,202,272,0.25735294117647056
33058,51,191,242,0.21074380165289255
33059,49,195,244,0.20081967213114754
33060,60,213,273,0.21978021978021978
33061,37,163,200,0.185
33062,43,194,237,0.18143459915611815
33063,53,218,271,0.19557195571955718
33064,44,223,267,0.1647940074906367
33065,45,306,351,0.1282051282051282
33066,75,224,299,0.2508361204013378
33067,47,209,256,0.18359375
33068,58,249,307,0.18892508143322476
33069,75,230,305,0.2459016393442623
33070,62,243,305,0.20327868852459016
33071,74,234,308,0.24025974025974026
33072,40,146,186,0.21505376344086022
33073,44,167,211,0.20853080568720378
33074,48,90,138,0.34782608695652173
33076,28,89,117,0.23931623931623933
33077,53,147,200,0.265
33078,51,180,231,0.22077922077922077
33079,31,115,146,0.21232876712328766
38020,7,14,21,0.3333333333333333
38036,13,26,39,0.3333333333333333
38037,17,46,63,0.2698412698412698
38038,20,48,68,0.29411764705882354
38039,30,66,96,0.3125
38040,45,47,92,0.4891304347826087
38041,32,92,124,0.25806451612903225
38042,21,82,103,0.20388349514563106
38043,24,60,84,0.2857142857142857
38044,33,77,110,0.3
38046,31,58,89,0.34831460674157305
38069,22,66,88,0.25
38070,22,80,102,0.21568627450980393
65018,26,83,109,0.23853211009174313
65019,31,78,109,0.28440366972477066
65020,41,93,134,0.30597014925373134
65021,62,120,182,0.34065934065934067
65022,110,98,208,0.5288461538461539
65023,45,54,99,0.45454545454545453
65024,52,64,116,0.4482758620689655
65025,29,42,71,0.4084507042253521
65026,27,35,62,0.43548387096774194
65027,49,111,160,0.30625
65028,76,53,129,0.5891472868217055
65029,61,73,134,0.4552238805970149
65030,82,109,191,0.4293193717277487
65031,74,166,240,0.30833333333333335
65032,75,96,171,0.43859649122807015
65033,63,155,218,0.2889908256880734
65034,30,83,113,0.26548672566371684
65035,39,100,139,0.2805755395683453
65036,32,96,128,0.25
65037,64,100,164,0.3902439024390244
65038,62,109,171,0.36257309941520466
65039,59,139,198,0.29797979797979796
65040,35,121,156,0.22435897435897437
65041,84,70,154,0.5454545454545454
65042,59,77,136,0.4338235294117647
65043,33,121,154,0.21428571428571427
65044,107,135,242,0.44214876033057854
65045,90,140,230,0.391304347826087
65046,64,105,169,0.378698224852071
65047,67,101,168,0.39880952380952384
65048,100,129,229,0.4366812227074236
65049,60,192,252,0.23809523809523808
65050,68,142,210,0.3238095238095238
65051,86,120,206,0.4174757281553398
65058,101,81,182,0.554945054945055
65059,115,92,207,0.5555555555555556
65060,61,68,129,0.4728682170542636
65061,92,81,173,0.5317919075144508
65062,89,60,149,0.5973154362416108
65063,85,73,158,0.5379746835443038
65064,93,83,176,0.5284090909090909
65065,48,37,85,0.5647058823529412
65068,88,93,181,0.4861878453038674
65071,87,87,174,0.5
65072,71,70,141,0.5035460992907801
65073,75,69,144,0.5208333333333334
65074,72,129,201,0.3582089552238806
65083,35,114,149,0.2348993288590604
65094,0,0,0,0
65099,58,49,107,0.5420560747663551
66017,0,1,1,0.0
74001,17,63,80,0.2125
74002,23,83,106,0.2169811320754717
74003,31,65,96,0.3229166666666667
74004,12,92,104,0.11538461538461539
74005,14,61,75,0.18666666666666668
74006,22,79,101,0.21782178217821782
74009,10,47,57,0.17543859649122806
74011,22,53,75,0.29333333333333333
74012,12,37,49,0.24489795918367346
74013,16,46,62,0.25806451612903225
74014,17,109,126,0.1349206349206349
74026,27,96,123,0.21951219512195122
74027,21,83,104,0.20192307692307693
74028,19,67,86,0.22093023255813954
74029,9,88,97,0.09278350515463918
74030,33,53,86,0.38372093023255816
74096,0,0,0,0
44011,13,34,47,0.2765957446808511
44012,26,23,49,0.5306122448979592
44064,51,51,102,0.5
48001,6,3,9,0.6666666666666666
49001,21,62,83,0.25301204819277107
49002,17,22,39,0.4358974358974359
49003,17,26,43,0.3953488372093023
49004,28,60,88,0.3181818181818182
49005,20,29,49,0.40816326530612246
49008,14,39,53,0.2641509433962264
49009,20,35,55,0.36363636363636365
49010,22,31,53,0.41509433962264153
49011,6,5,11,0.5454545454545454
49012,9,17,26,0.34615384615384615
49013,13,13,26,0.5
49018,2,6,8,0.25
49031,10,24,34,0.29411764705882354
49032,20,29,49,0.40816326530612246
49061,29,30,59,0.4915254237288136
49062,17,39,56,0.30357142857142855
49066,20,28,48,0.4166666666666667
49067,15,29,44,0.3409090909090909
49068,25,10,35,0.7142857142857143
50001,25,169,194,0.12886597938144329
50011,11,186,197,0.05583756345177665
50013,0,1,1,0.0
50047,97,119,216,0.44907407407407407
50048,118,286,404,0.29207920792079206
50049,37,59,96,0.3854166666666667
50050,51,110,161,0.3167701863354037
50051,41,104,145,0.2827586206896552
50052,36,121,157,0.22929936305732485
50053,77,69,146,0.5273972602739726
50054,30,84,114,0.2631578947368421
50055,18,43,61,0.29508196721311475
50056,28,49,77,0.36363636363636365
50057,18,155,173,0.10404624277456648
50058,9,148,157,0.05732484076433121
50059,57,161,218,0.26146788990825687
50060,13,148,161,0.08074534161490683
50061,19,207,226,0.084070796460177
50062,19,91,110,0.17272727272727273
50063,16,181,197,0.08121827411167512
50064,13,130,143,0.09090909090909091
50065,12,124,136,0.08823529411764706
50066,18,234,252,0.07142857142857142
50067,13,102,115,0.11304347826086956
50068,9,128,137,0.06569343065693431
50069,9,179,188,0.047872340425531915
50070,8,176,184,0.043478260869565216
50071,5,95,100,0.05
50072,12,174,186,0.06451612903225806
50073,14,175,189,0.07407407407407407
50074,47,243,290,0.16206896551724137
50075,28,159,187,0.1497326203208556
50076,43,209,252,0.17063492063492064
50077,21,202,223,0.09417040358744394
50078,17,176,193,0.08808290155440414
50079,24,131,155,0.15483870967741936
50080,53,216,269,0.1970260223048327
50081,6,32,38,0.15789473684210525
50082,14,157,171,0.08187134502923976
50083,50,199,249,0.20080321285140562
50088,24,24,48,0.5
50098,49,78,127,0.3858267716535433
50100,13,169,182,0.07142857142857142
50104,0,0,0,0
50105,0,0,0,0
51001,118,122,240,0.49166666666666664
51002,53,65,118,0.4491525423728814
51003,76,110,186,0.40860215053763443
51004,38,76,114,0.3333333333333333
51005,32,53,85,0.3764705882352941
51006,31,77,108,0.28703703703703703
51007,155,126,281,0.5516014234875445
51008,78,31,109,0.7155963302752294
51009,18,26,44,0.4090909090909091
51010,6,15,21,0.2857142857142857
51011,137,133,270,0.5074074074074074
51012,142,102,244,0.5819672131147541
51013,121,97,218,0.555045871559633
51017,43,58,101,0.42574257425742573
51020,145,106,251,0.5776892430278885
51022,38,13,51,0.7450980392156863
51023,108,98,206,0.5242718446601942
51029,38,108,146,0.2602739726027397
51030,32,39,71,0.4507042253521127
51031,51,98,149,0.3422818791946309
51032,42,84,126,0.3333333333333333
51033,50,107,157,0.3184713375796178
51034,19,64,83,0.2289156626506024
51035,73,118,191,0.38219895287958117
51036,64,109,173,0.3699421965317919
51037,42,130,172,0.2441860465116279
51038,108,136,244,0.4426229508196721
51039,41,135,176,0.23295454545454544
51040,139,167,306,0.4542483660130719
51041,125,129,254,0.4921259842519685
51042,183,118,301,0.6079734219269103
51043,77,53,130,0.5923076923076923
51044,45,28,73,0.6164383561643836
51046,9,2,11,0.8181818181818182
51049,113,157,270,0.4185185185185185
51050,17,45,62,0.27419354838709675
51051,22,130,152,0.14473684210526316
51052,31,59,90,0.34444444444444444
51053,49,46,95,0.5157894736842106
51054,35,90,125,0.28
51055,112,120,232,0.4827586206896552
51056,1,1,2,0.5
51057,3,1,4,0.75
51058,13,22,35,0.37142857142857144
51063,41,106,147,0.2789115646258503
51064,24,93,117,0.20512820512820512
51065,31,107,138,0.2246376811594203
51066,35,63,98,0.35714285714285715
51067,33,90,123,0.2682926829268293
51069,21,111,132,0.1590909090909091
51070,22,120,142,0.15492957746478872
51071,23,142,165,0.1393939393939394
51072,77,149,226,0.3407079646017699
51073,47,144,191,0.24607329842931938
51074,13,83,96,0.13541666666666666
51075,25,70,95,0.2631578947368421
51078,20,63,83,0.24096385542168675
51079,76,91,167,0.4550898203592814
51080,13,33,46,0.2826086956521739
51081,55,67,122,0.45081967213114754
51082,94,131,225,0.4177777777777778
51083,130,120,250,0.52
52001,95,60,155,0.6129032258064516
52002,89,71,160,0.55625
52004,111,75,186,0.5967741935483871
52005,66,69,135,0.4888888888888889
52006,101,76,177,0.5706214689265536
52007,182,114,296,0.6148648648648649
52008,202,134,336,0.6011904761904762
52009,126,65,191,0.6596858638743456
52010,179,150,329,0.5440729483282675
52011,147,84,231,0.6363636363636364
52012,193,56,249,0.7751004016064257
52013,197,80,277,0.7111913357400722
52014,124,64,188,0.6595744680851063
52015,151,111,262,0.5763358778625954
52016,172,107,279,0.6164874551971327
52017,120,94,214,0.5607476635514018
52018,144,116,260,0.5538461538461539
52019,164,81,245,0.6693877551020408
52020,145,82,227,0.6387665198237885
52021,35,24,59,0.5932203389830508
52022,64,67,131,0.48854961832061067
52023,150,119,269,0.5576208178438662
52028,168,105,273,0.6153846153846154
52029,137,105,242,0.5661157024793388
52034,149,89,238,0.6260504201680672
52035,188,103,291,0.6460481099656358
52036,159,90,249,0.6385542168674698
52037,198,104,302,0.6556291390728477
52038,182,124,306,0.5947712418300654
52039,212,129,341,0.6217008797653959
52040,165,148,313,0.5271565495207667
52041,76,46,122,0.6229508196721312
52042,157,103,260,0.6038461538461538
52043,139,129,268,0.5186567164179104
52044,125,124,249,0.5020080321285141
52045,114,102,216,0.5277777777777778
52046,163,158,321,0.5077881619937694
52047,156,129,285,0.5473684210526316
52048,150,101,251,0.5976095617529881
52049,128,113,241,0.5311203319502075
52050,98,85,183,0.5355191256830601
52051,37,131,168,0.22023809523809523
52052,13,105,118,0.11016949152542373
52053,86,148,234,0.36752136752136755
52054,14,98,112,0.125
52055,101,124,225,0.4488888888888889
52056,105,97,202,0.5198019801980198
52057,137,137,274,0.5
52058,120,100,220,0.5454545454545454
52059,189,146,335,0.564179104477612
52077,13,12,25,0.52
52078,126,71,197,0.6395939086294417
52079,56,22,78,0.717948717948718
52080,57,39,96,0.59375
52081,175,136,311,0.5627009646302251
52082,200,141,341,0.5865102639296188
52083,204,121,325,0.6276923076923077
52084,150,160,310,0.4838709677419355
52085,194,115,309,0.627831715210356
52086,175,132,307,0.5700325732899023
52087,208,100,308,0.6753246753246753
52088,106,82,188,0.5638297872340425
52089,248,142,390,0.6358974358974359
52090,228,145,373,0.6112600536193029
52091,107,90,197,0.5431472081218274
52093,165,90,255,0.6470588235294118
52094,94,79,173,0.5433526011560693
52095,26,22,48,0.5416666666666666
52096,162,134,296,0.5472972972972973
52097,227,161,388,0.5850515463917526
52098,156,130,286,0.5454545454545454
52099,161,129,290,0.5551724137931034
52100,132,102,234,0.5641025641025641
52102,167,101,268,0.6231343283582089
52104,100,98,198,0.5050505050505051
52105,125,72,197,0.6345177664974619
52106,4,9,13,0.3076923076923077
52107,140,100,240,0.5833333333333334
52108,157,121,278,0.564748201438849
52110,109,86,195,0.558974358974359
52111,130,110,240,0.5416666666666666
52114,177,115,292,0.6061643835616438
52115,112,78,190,0.5894736842105263
52116,150,121,271,0.5535055350553506
52117,140,85,225,0.6222222222222222
52121,0,0,0,0
52122,0,0,0,0
53001,53,83,136,0.3897058823529412
53002,25,49,74,0.33783783783783783
53003,57,79,136,0.41911764705882354
53004,58,106,164,0.35365853658536583
53005,56,92,148,0.3783783783783784
53007,48,116,164,0.2926829268292683
53008,104,101,205,0.5073170731707317
53009,39,126,165,0.23636363636363636
53010,21,116,137,0.15328467153284672
53011,30,70,100,0.3
53012,54,76,130,0.4153846153846154
53013,54,140,194,0.27835051546391754
53014,1,2,3,0.3333333333333333
53015,20,62,82,0.24390243902439024
53016,97,175,272,0.35661764705882354
53017,66,134,200,0.33
53018,110,156,266,0.41353383458646614
53021,29,146,175,0.1657142857142857
53022,66,153,219,0.3013698630136986
53023,96,148,244,0.39344262295081966
53024,17,88,105,0.1619047619047619
53025,70,154,224,0.3125
53026,29,87,116,0.25
53027,72,160,232,0.3103448275862069
53028,51,122,173,0.2947976878612717
53029,53,82,135,0.3925925925925926
53030,101,162,263,0.3840304182509506
53031,12,160,172,0.06976744186046512
53032,53,118,171,0.30994152046783624
53038,22,43,65,0.3384615384615385
53039,114,139,253,0.4505928853754941
53040,12,52,64,0.1875
53041,2,92,94,0.02127659574468085
53042,2,63,65,0.03076923076923077
53043,4,103,107,0.037383177570093455
53044,54,151,205,0.2634146341463415
53045,48,205,253,0.18972332015810275
53046,153,224,377,0.40583554376657827
53047,57,150,207,0.2753623188405797
53048,88,117,205,0.4292682926829268
53049,15,31,46,0.32608695652173914
53050,77,109,186,0.41397849462365593
53051,2,97,99,0.020202020202020204
53052,11,19,30,0.36666666666666664
53053,73,125,198,0.3686868686868687
53054,104,109,213,0.48826291079812206
53055,114,106,220,0.5181818181818182
53056,82,162,244,0.3360655737704918
53057,99,146,245,0.40408163265306124
53058,90,120,210,0.42857142857142855
53059,93,183,276,0.33695652173913043
53060,100,179,279,0.35842293906810035
53061,48,122,170,0.2823529411764706
53062,15,41,56,0.26785714285714285
53063,153,148,301,0.5083056478405316
53064,89,89,178,0.5
53065,86,100,186,0.46236559139784944
53066,78,96,174,0.4482758620689655
53067,127,137,264,0.4810606060606061
53068,78,78,156,0.5
53069,73,111,184,0.3967391304347826
53070,61,146,207,0.2946859903381642
53071,18,95,113,0.1592920353982301
53072,74,98,172,0.43023255813953487
53073,33,63,96,0.34375
53074,23,158,181,0.1270718232044199
53075,13,64,77,0.16883116883116883
53076,119,151,270,0.44074074074074077
53077,70,127,197,0.3553299492385787
53078,17,184,201,0.0845771144278607
53079,19,68,87,0.21839080459770116
53080,54,162,216,0.25
53081,5,38,43,0.11627906976744186
53082,65,138,203,0.32019704433497537
53083,27,89,116,0.23275862068965517
53084,33,117,150,0.22
53085,36,74,110,0.32727272727272727
53086,22,94,116,0.1896551724137931
53087,83,145,228,0.36403508771929827
53088,124,138,262,0.4732824427480916
54006,4,10,14,0.2857142857142857
54013,58,115,173,0.3352601156069364
54014,8,12,20,0.4
54019,21,91,112,0.1875
54020,48,153,201,0.23880597014925373
54021,38,93,131,0.2900763358778626
54022,27,121,148,0.18243243243243243
54023,35,125,160,0.21875
54024,62,132,194,0.31958762886597936
54025,86,166,252,0.3412698412698413
54030,35,109,144,0.24305555555555555
54031,35,81,116,0.3017241379310345
54032,29,84,113,0.25663716814159293
54033,52,99,151,0.3443708609271523
54034,43,103,146,0.2945205479452055
54035,45,93,138,0.32608695652173914
54036,49,104,153,0.3202614379084967
54037,31,109,140,0.22142857142857142
54038,45,117,162,0.2777777777777778
54039,38,91,129,0.29457364341085274
54040,25,23,48,0.5208333333333334
54041,32,103,135,0.23703703703703705
54042,18,97,115,0.1565217391304348
54043,44,101,145,0.30344827586206896
54044,16,72,88,0.18181818181818182
54045,35,81,116,0.3017241379310345
54046,14,113,127,0.11023622047244094
54047,9,56,65,0.13846153846153847
54048,30,64,94,0.3191489361702128
54049,36,78,114,0.3157894736842105
54050,24,84,108,0.2222222222222222
54051,18,93,111,0.16216216216216217
54052,24,79,103,0.23300970873786409
54053,10,44,54,0.18518518518518517
54054,18,49,67,0.26865671641791045
54055,18,39,57,0.3157894736842105
54056,12,52,64,0.1875
54057,14,86,100,0.14
54058,25,66,91,0.27472527472527475
54059,12,68,80,0.15
54073,47,112,159,0.29559748427672955
54077,21,68,89,0.23595505617977527
54079,6,48,54,0.1111111111111111
54080,19,61,80,0.2375
54081,18,61,79,0.22784810126582278
54082,7,67,74,0.0945945945945946
54083,19,86,105,0.18095238095238095
54084,37,103,140,0.2642857142857143
54085,24,95,119,0.20168067226890757
54086,31,97,128,0.2421875
54087,31,61,92,0.33695652173913043
55040,3,10,13,0.23076923076923078
55041,5,53,58,0.08620689655172414
55044,4,10,14,0.2857142857142857
55045,15,96,111,0.13513513513513514
55054,3,10,13,0.23076923076923078
56001,12,85,97,0.12371134020618557
56002,15,101,116,0.12931034482758622
56003,12,77,89,0.1348314606741573
56004,11,86,97,0.1134020618556701
56092,2,8,10,0.2
23043,15,28,43,0.3488372093023256
23068,24,66,90,0.26666666666666666
23069,30,70,100,0.3
28001,29,69,98,0.29591836734693877
37041,14,17,31,0.45161290322580644
37042,41,72,113,0.36283185840707965
37052,32,31,63,0.5079365079365079
37053,17,27,44,0.38636363636363635
37054,19,35,54,0.35185185185185186
37055,11,1,12,0.9166666666666666
37056,81,142,223,0.3632286995515695
37057,64,93,157,0.40764331210191085
37058,70,126,196,0.35714285714285715
37059,69,130,199,0.34673366834170855
37060,6,10,16,0.375
37061,54,64,118,0.4576271186440678
37062,34,61,95,0.35789473684210527
37067,42,113,155,0.2709677419354839
37068,36,87,123,0.2926829268292683
37069,0,0,0,0
37086,48,77,125,0.384
37087,68,111,179,0.37988826815642457
38001,41,109,150,0.2733333333333333
38002,60,92,152,0.39473684210526316
38003,83,124,207,0.40096618357487923
38004,74,123,197,0.3756345177664975
38005,54,159,213,0.2535211267605634
38006,70,112,182,0.38461538461538464
38007,47,103,150,0.31333333333333335
38008,48,136,184,0.2608695652173913
38009,33,84,117,0.28205128205128205
38010,33,79,112,0.29464285714285715
38021,33,52,85,0.38823529411764707
38023,26,78,104,0.25
38024,33,65,98,0.336734693877551
38025,29,51,80,0.3625
38026,55,68,123,0.44715447154471544
38027,25,98,123,0.2032520325203252
38029,35,87,122,0.28688524590163933
38030,30,97,127,0.23622047244094488
38031,41,95,136,0.3014705882352941
38032,10,93,103,0.0970873786407767
38033,19,91,110,0.17272727272727273
38034,15,41,56,0.26785714285714285
38045,11,33,44,0.25
38047,27,80,107,0.2523364485981308
38048,30,92,122,0.2459016393442623
38049,26,66,92,0.2826086956521739
38050,32,65,97,0.32989690721649484
38051,58,90,148,0.3918918918918919
38052,39,85,124,0.31451612903225806
38053,12,26,38,0.3157894736842105
38054,48,124,172,0.27906976744186046
38055,27,111,138,0.1956521739130435
38056,43,92,135,0.31851851851851853
38057,37,96,133,0.2781954887218045
38058,30,141,171,0.17543859649122806
38059,49,93,142,0.34507042253521125
38062,96,120,216,0.4444444444444444
38063,24,93,117,0.20512820512820512
38064,67,97,164,0.40853658536585363
38065,41,68,109,0.3761467889908257
38068,24,52,76,0.3157894736842105
38071,23,80,103,0.22330097087378642
41001,48,80,128,0.375
41002,91,83,174,0.5229885057471264
41003,64,101,165,0.3878787878787879
41004,58,55,113,0.5132743362831859
41005,52,77,129,0.40310077519379844
41006,50,74,124,0.4032258064516129
41007,59,66,125,0.472
41008,45,54,99,0.45454545454545453
41009,48,51,99,0.48484848484848486
41010,20,47,67,0.29850746268656714
41011,16,35,51,0.3137254901960784
41012,26,43,69,0.37681159420289856
41014,10,7,17,0.5882352941176471
41015,16,18,34,0.47058823529411764
41016,36,78,114,0.3157894736842105
41017,45,78,123,0.36585365853658536
41018,44,55,99,0.4444444444444444
41020,36,84,120,0.3
41021,49,118,167,0.2934131736526946
41024,5,28,33,0.15151515151515152
41025,5,15,20,0.25
41026,19,25,44,0.4318181818181818
41027,27,96,123,0.21951219512195122
41030,41,131,172,0.23837209302325582
41031,32,122,154,0.2077922077922078
41032,48,88,136,0.35294117647058826
41033,57,145,202,0.28217821782178215
41034,44,144,188,0.23404255319148937
41035,31,39,70,0.44285714285714284
41036,31,36,67,0.4626865671641791
41042,23,7,30,0.7666666666666667
41044,11,21,32,0.34375
41045,30,148,178,0.16853932584269662
41046,71,53,124,0.5725806451612904
41047,35,162,197,0.17766497461928935
41048,23,92,115,0.2
41050,113,171,284,0.397887323943662
41051,23,45,68,0.3382352941176471
41052,47,81,128,0.3671875
41053,42,64,106,0.39622641509433965
41054,48,126,174,0.27586206896551724
41055,63,180,243,0.25925925925925924
41057,32,56,88,0.36363636363636365
41058,55,81,136,0.40441176470588236
41059,78,55,133,0.5864661654135338
41060,43,51,94,0.4574468085106383
41061,40,25,65,0.6153846153846154
41062,38,47,85,0.4470588235294118
41063,62,83,145,0.42758620689655175
41064,67,56,123,0.5447154471544715
41065,12,29,41,0.2926829268292683
41066,22,72,94,0.23404255319148937
41067,16,78,94,0.1702127659574468
41068,24,78,102,0.23529411764705882
41069,15,83,98,0.15306122448979592
41070,45,46,91,0.4945054945054945
41071,41,31,72,0.5694444444444444
41072,44,35,79,0.5569620253164557
41073,54,65,119,0.453781512605042
41074,43,62,105,0.4095238095238095
41075,55,47,102,0.5392156862745098
41076,27,41,68,0.39705882352941174
41077,39,45,84,0.4642857142857143
41078,45,22,67,0.6716417910447762
41079,26,34,60,0.43333333333333335
41081,20,23,43,0.46511627906976744
41082,26,37,63,0.4126984126984127
41083,19,22,41,0.4634146341463415
41084,51,52,103,0.49514563106796117
41085,31,45,76,0.40789473684210525
41086,26,40,66,0.3939393939393939
41087,26,29,55,0.4727272727272727
41091,22,80,102,0.21568627450980393
41092,20,21,41,0.4878048780487805
41094,45,53,98,0.45918367346938777
41095,29,63,92,0.31521739130434784
41096,24,116,140,0.17142857142857143
41097,32,122,154,0.2077922077922078
41098,43,78,121,0.35537190082644626
42001,4,9,13,0.3076923076923077
42002,88,119,207,0.4251207729468599
42003,96,129,225,0.4266666666666667
42004,79,129,208,0.3798076923076923
42005,59,130,189,0.31216931216931215
42006,91,135,226,0.4026548672566372
42007,127,189,316,0.40189873417721517
42008,103,185,288,0.3576388888888889
42009,103,141,244,0.42213114754098363
42010,75,173,248,0.3024193548387097
42011,53,130,183,0.2896174863387978
42012,35,126,161,0.21739130434782608
42013,72,90,162,0.4444444444444444
42014,80,107,187,0.42780748663101603
42015,88,189,277,0.3176895306859206
42016,67,113,180,0.37222222222222223
42017,41,108,149,0.2751677852348993
42018,115,161,276,0.4166666666666667
42019,72,96,168,0.42857142857142855
42020,85,133,218,0.38990825688073394
42021,84,141,225,0.37333333333333335
42022,84,137,221,0.38009049773755654
42023,46,104,150,0.30666666666666664
42024,56,128,184,0.30434782608695654
42025,141,109,250,0.564
42026,62,113,175,0.35428571428571426
42027,42,123,165,0.2545454545454545
42028,73,122,195,0.37435897435897436
42029,56,153,209,0.2679425837320574
42030,113,188,301,0.3754152823920266
42031,83,145,228,0.36403508771929827
42032,17,43,60,0.2833333333333333
42034,203,91,294,0.6904761904761905
42035,131,148,279,0.46953405017921146
42036,128,137,265,0.4830188679245283
42037,84,44,128,0.65625
42038,73,158,231,0.31601731601731603
42039,40,190,230,0.17391304347826086
42040,32,205,237,0.1350210970464135
42041,52,192,244,0.21311475409836064
42042,50,181,231,0.21645021645021645
42043,53,154,207,0.2560386473429952
42044,28,108,136,0.20588235294117646
42045,30,143,173,0.17341040462427745
42046,30,195,225,0.13333333333333333
42047,47,135,182,0.25824175824175827
42048,85,188,273,0.31135531135531136
42049,49,169,218,0.22477064220183487
42050,32,158,190,0.16842105263157894
42051,50,104,154,0.3246753246753247
42052,66,190,256,0.2578125
42053,60,129,189,0.31746031746031744
42054,67,202,269,0.24907063197026022
42055,66,170,236,0.2796610169491525
42056,33,155,188,0.17553191489361702
42057,30,172,202,0.1485148514851485
42058,39,125,164,0.23780487804878048
42059,41,66,107,0.38317757009345793
42060,14,20,34,0.4117647058823529
42061,49,108,157,0.31210191082802546
42062,122,129,251,0.4860557768924303
42063,101,177,278,0.36330935251798563
42064,108,183,291,0.3711340206185567
42065,80,115,195,0.41025641025641024
42066,58,92,150,0.38666666666666666
42067,34,71,105,0.3238095238095238
42068,42,116,158,0.26582278481012656
42069,27,36,63,0.42857142857142855
42070,59,126,185,0.31891891891891894
42071,43,143,186,0.23118279569892472
42072,95,163,258,0.3682170542635659
42073,82,178,260,0.3153846153846154
42074,38,122,160,0.2375
42075,100,161,261,0.3831417624521073
42076,57,80,137,0.41605839416058393
42077,82,126,208,0.3942307692307692
42078,86,117,203,0.4236453201970443
42079,67,148,215,0.3116279069767442
42080,35,138,173,0.2023121387283237
42081,26,127,153,0.16993464052287582
42082,26,50,76,0.34210526315789475
43001,144,209,353,0.40793201133144474
43002,104,98,202,0.5148514851485149
43003,110,171,281,0.3914590747330961
43004,135,152,287,0.47038327526132406
43005,91,101,192,0.4739583333333333
43006,119,159,278,0.42805755395683454
43007,109,138,247,0.44129554655870445
43008,62,126,188,0.32978723404255317
43009,54,130,184,0.29347826086956524
43010,35,72,107,0.32710280373831774
43011,57,217,274,0.20802919708029197
43012,86,199,285,0.3017543859649123
43013,43,140,183,0.23497267759562843
43014,129,199,328,0.3932926829268293
43015,66,140,206,0.32038834951456313
43016,110,144,254,0.4330708661417323
43017,57,207,264,0.2159090909090909
43018,110,191,301,0.3654485049833887
43019,83,146,229,0.3624454148471616
43020,115,150,265,0.4339622641509434
43021,84,296,380,0.22105263157894736
43022,71,171,242,0.29338842975206614
43023,83,184,267,0.31086142322097376
43024,117,149,266,0.4398496240601504
43025,66,156,222,0.2972972972972973
43026,106,223,329,0.3221884498480243
43027,90,220,310,0.2903225806451613
43028,82,240,322,0.2546583850931677
43029,39,121,160,0.24375
43030,55,187,242,0.22727272727272727
43031,76,279,355,0.2140845070422535
43032,57,163,220,0.2590909090909091
43033,76,285,361,0.21052631578947367
43034,33,112,145,0.22758620689655173
43035,119,171,290,0.4103448275862069
43036,78,174,252,0.30952380952380953
43037,93,201,294,0.3163265306122449
43038,71,234,305,0.23278688524590163
43039,97,258,355,0.27323943661971833
43040,33,124,157,0.21019108280254778
43041,100,154,254,0.3937007874015748
43042,105,148,253,0.4150197628458498
43043,56,176,232,0.2413793103448276
43044,98,157,255,0.3843137254901961
43045,113,231,344,0.32848837209302323
43046,101,188,289,0.3494809688581315
43047,57,124,181,0.3149171270718232
43048,33,121,154,0.21428571428571427
43049,48,190,238,0.20168067226890757
43050,85,218,303,0.28052805280528054
43051,60,254,314,0.1910828025477707
43052,29,214,243,0.11934156378600823
43053,77,123,200,0.385
43054,32,220,252,0.12698412698412698
43055,59,193,252,0.23412698412698413
43056,30,147,177,0.1694915254237288
43057,40,134,174,0.22988505747126436
43058,37,122,159,0.23270440251572327
43059,44,157,201,0.21890547263681592
43060,45,119,164,0.27439024390243905
43061,46,138,184,0.25
43062,56,139,195,0.28717948717948716
43063,31,118,149,0.2080536912751678
43064,35,131,166,0.21084337349397592
43065,54,124,178,0.30337078651685395
43066,56,224,280,0.2
43067,40,206,246,0.16260162601626016
43068,29,150,179,0.16201117318435754
43069,19,124,143,0.13286713286713286
43070,9,12,21,0.42857142857142855
43071,32,185,217,0.14746543778801843
43072,71,146,217,0.3271889400921659
43073,205,161,366,0.5601092896174863
43074,124,134,258,0.4806201550387597
43075,121,212,333,0.3633633633633634
43076,38,160,198,0.1919191919191919
43077,47,116,163,0.2883435582822086
43078,60,131,191,0.31413612565445026
43079,16,97,113,0.1415929203539823
43080,66,117,183,0.36065573770491804
43081,79,139,218,0.3623853211009174
43082,100,146,246,0.4065040650406504
43083,50,133,183,0.273224043715847
43084,27,110,137,0.19708029197080293
43085,45,142,187,0.24064171122994651
43086,61,84,145,0.4206896551724138
43087,109,195,304,0.35855263157894735
44024,19,61,80,0.2375
44025,66,95,161,0.40993788819875776
44026,50,111,161,0.3105590062111801
44027,60,79,139,0.4316546762589928
44028,58,68,126,0.4603174603174603
44029,44,75,119,0.3697478991596639
44030,49,105,154,0.3181818181818182
44031,136,126,262,0.5190839694656488
44032,29,25,54,0.5370370370370371
44033,160,112,272,0.5882352941176471
44034,42,123,165,0.2545454545454545
44035,127,117,244,0.5204918032786885
44036,143,141,284,0.5035211267605634
44037,46,58,104,0.4423076923076923
44038,148,157,305,0.4852459016393443
44041,24,39,63,0.38095238095238093
44048,93,92,185,0.5027027027027027
44049,142,102,244,0.5819672131147541
44050,153,124,277,0.5523465703971119
44051,213,152,365,0.5835616438356165
44052,185,167,352,0.5255681818181818
44053,180,150,330,0.5454545454545454
44054,165,114,279,0.5913978494623656
44055,204,90,294,0.6938775510204082
44056,157,98,255,0.615686274509804
44057,240,137,377,0.636604774535809
44058,174,122,296,0.5878378378378378
44059,181,139,320,0.565625
44060,119,128,247,0.4817813765182186
44061,96,82,178,0.5393258426966292
44062,103,91,194,0.5309278350515464
44063,123,117,240,0.5125
44065,150,137,287,0.5226480836236934
44066,130,123,253,0.5138339920948617
44067,49,75,124,0.3951612903225806
44068,200,126,326,0.6134969325153374
44069,141,82,223,0.6322869955156951
44070,129,85,214,0.602803738317757
44071,178,109,287,0.6202090592334495
44072,167,126,293,0.5699658703071673
44073,175,138,313,0.5591054313099042
44074,200,130,330,0.6060606060606061
44075,162,112,274,0.5912408759124088
44076,178,168,346,0.5144508670520231
44077,191,126,317,0.6025236593059937
44078,269,130,399,0.6741854636591479
44079,178,128,306,0.5816993464052288
44080,165,111,276,0.5978260869565217
44082,84,74,158,0.5316455696202531
44083,209,120,329,0.6352583586626139
44084,124,74,198,0.6262626262626263
44087,75,95,170,0.4411764705882353
44090,56,84,140,0.4
45001,80,110,190,0.42105263157894735
45002,90,122,212,0.42452830188679247
45003,86,116,202,0.42574257425742573
45004,62,74,136,0.45588235294117646
45005,58,84,142,0.4084507042253521
45012,39,31,70,0.5571428571428572
45024,28,39,67,0.417910447761194
45025,11,19,30,0.36666666666666664
45039,4,3,7,0.5714285714285714
45049,3,11,14,0.21428571428571427
45050,40,38,78,0.5128205128205128
45051,24,35,59,0.4067796610169492
45053,21,22,43,0.4883720930232558
45054,25,34,59,0.423728813559322
45056,41,38,79,0.5189873417721519
45078,26,64,90,0.28888888888888886
48049,25,24,49,0.5102040816326531
48054,45,89,134,0.3358208955223881
48055,71,108,179,0.39664804469273746
48056,68,139,207,0.3285024154589372
48057,12,37,49,0.24489795918367346
48058,56,82,138,0.4057971014492754
48061,57,90,147,0.3877551020408163
48062,61,91,152,0.40131578947368424
48063,45,109,154,0.2922077922077922
48064,46,72,118,0.3898305084745763
48065,47,74,121,0.3884297520661157
48066,23,43,66,0.3484848484848485
48067,6,24,30,0.2
48070,93,113,206,0.45145631067961167
51021,34,20,54,0.6296296296296297
52026,123,71,194,0.634020618556701
52060,124,116,240,0.5166666666666667
52061,160,123,283,0.5653710247349824
52062,129,78,207,0.6231884057971014
52064,130,87,217,0.5990783410138248
52065,150,100,250,0.6
52066,206,112,318,0.6477987421383647
52067,111,99,210,0.5285714285714286
52068,192,109,301,0.6378737541528239
52069,229,120,349,0.6561604584527221
52070,279,136,415,0.672289156626506
52071,249,132,381,0.6535433070866141
52072,122,60,182,0.6703296703296703
52073,194,110,304,0.6381578947368421
52074,137,106,243,0.5637860082304527
52075,188,160,348,0.5402298850574713
52076,53,51,104,0.5096153846153846
52092,183,113,296,0.6182432432432432
52101,144,87,231,0.6233766233766234
52103,223,100,323,0.6904024767801857
52112,149,133,282,0.5283687943262412
52113,213,137,350,0.6085714285714285
55053,3,31,34,0.08823529411764706
55056,2,29,31,0.06451612903225806
55063,7,56,63,0.1111111111111111
55064,9,153,162,0.05555555555555555
55065,9,122,131,0.06870229007633588
55066,10,63,73,0.136986301369863
55067,8,53,61,0.13114754098360656
55068,6,78,84,0.07142857142857142
55069,17,98,115,0.14782608695652175
55070,7,41,48,0.14583333333333334
55071,6,75,81,0.07407407407407407
55072,8,57,65,0.12307692307692308
55074,5,89,94,0.05319148936170213
55075,4,140,144,0.027777777777777776
55076,21,133,154,0.13636363636363635
55077,1,25,26,0.038461538461538464
55078,25,122,147,0.17006802721088435
55079,19,69,88,0.2159090909090909
55080,11,90,101,0.10891089108910891
55081,25,113,138,0.18115942028985507
55082,41,113,154,0.2662337662337662
55083,18,89,107,0.16822429906542055
55084,36,161,197,0.18274111675126903
55085,38,135,173,0.21965317919075145
55086,23,113,136,0.16911764705882354
55087,12,95,107,0.11214953271028037
55088,14,146,160,0.0875
55089,16,97,113,0.1415929203539823
55090,14,103,117,0.11965811965811966
55091,20,118,138,0.14492753623188406
55092,7,136,143,0.04895104895104895
55093,18,122,140,0.12857142857142856
55094,36,126,162,0.2222222222222222
55095,5,37,42,0.11904761904761904
55096,29,123,152,0.19078947368421054
55097,14,149,163,0.08588957055214724
55098,2,23,25,0.08
55099,16,203,219,0.0730593607305936
55100,6,63,69,0.08695652173913043
55101,12,120,132,0.09090909090909091
55102,21,114,135,0.15555555555555556
55103,19,156,175,0.10857142857142857
55104,12,111,123,0.0975609756097561
55105,11,71,82,0.13414634146341464
55106,33,153,186,0.1774193548387097
55107,24,236,260,0.09230769230769231
55110,7,87,94,0.07446808510638298
56056,41,101,142,0.2887323943661972
56066,7,54,61,0.11475409836065574
56067,26,99,125,0.208
56068,33,142,175,0.18857142857142858
56069,49,146,195,0.2512820512820513
56070,47,89,136,0.34558823529411764
56071,17,165,182,0.09340659340659341
56072,77,222,299,0.25752508361204013
56073,30,183,213,0.14084507042253522
56074,51,119,170,0.3
56075,14,66,80,0.175
56076,44,79,123,0.35772357723577236
56077,48,109,157,0.3057324840764331
56078,43,152,195,0.2205128205128205
56081,17,114,131,0.1297709923664122
56084,37,105,142,0.2605633802816901
57058,108,174,282,0.3829787234042553
57061,282,222,504,0.5595238095238095
57062,126,88,214,0.5887850467289719
57063,172,134,306,0.5620915032679739
57064,244,186,430,0.5674418604651162
57065,178,151,329,0.541033434650456
57066,126,168,294,0.42857142857142855
57067,108,172,280,0.38571428571428573
57068,156,226,382,0.4083769633507853
57069,150,242,392,0.3826530612244898
57070,210,234,444,0.47297297297297297
57071,151,97,248,0.6088709677419355
57072,224,164,388,0.5773195876288659
57073,131,130,261,0.5019157088122606
57074,183,183,366,0.5
57075,154,206,360,0.42777777777777776
57076,142,222,364,0.3901098901098901
57077,76,68,144,0.5277777777777778
57078,117,207,324,0.3611111111111111
57079,101,166,267,0.3782771535580524
57080,145,202,347,0.41786743515850144
57081,124,171,295,0.42033898305084744
57082,60,115,175,0.34285714285714286
57083,85,144,229,0.37117903930131
57084,113,159,272,0.41544117647058826
57085,92,183,275,0.33454545454545453
57086,39,107,146,0.2671232876712329
57087,117,218,335,0.3492537313432836
57088,70,129,199,0.35175879396984927
57089,64,163,227,0.28193832599118945
57090,83,318,401,0.20698254364089774
57091,25,185,210,0.11904761904761904
57092,125,193,318,0.39308176100628933
57093,87,151,238,0.36554621848739494
57096,84,125,209,0.4019138755980861
57104,255,197,452,0.5641592920353983
57105,111,166,277,0.4007220216606498
58001,28,134,162,0.1728395061728395
58002,61,167,228,0.2675438596491228
58003,28,132,160,0.175
58004,40,180,220,0.18181818181818182
58005,33,169,202,0.16336633663366337
58006,21,134,155,0.13548387096774195
58007,21,136,157,0.1337579617834395
58008,37,163,200,0.185
58009,36,106,142,0.2535211267605634
58010,16,102,118,0.13559322033898305
58011,13,119,132,0.09848484848484848
58012,43,214,257,0.16731517509727625
58013,20,180,200,0.1
58014,24,125,149,0.1610738255033557
58015,19,131,150,0.12666666666666668
58016,41,104,145,0.2827586206896552
58017,33,102,135,0.24444444444444444
58018,24,154,178,0.1348314606741573
58019,38,143,181,0.20994475138121546
58020,41,210,251,0.16334661354581673
58021,39,140,179,0.21787709497206703
58022,32,162,194,0.16494845360824742
58023,32,106,138,0.2318840579710145
58024,23,145,168,0.13690476190476192
58025,53,216,269,0.1970260223048327
58026,47,204,251,0.18725099601593626
58027,35,217,252,0.1388888888888889
58028,56,124,180,0.3111111111111111
58029,42,130,172,0.2441860465116279
58030,38,207,245,0.15510204081632653
58031,44,168,212,0.20754716981132076
58032,40,198,238,0.16806722689075632
58033,35,142,177,0.1977401129943503
58034,34,195,229,0.14847161572052403
58035,44,174,218,0.2018348623853211
58036,18,116,134,0.13432835820895522
58037,35,148,183,0.1912568306010929
58038,32,159,191,0.16753926701570682
58039,32,164,196,0.16326530612244897
58040,11,111,122,0.09016393442622951
58041,30,168,198,0.15151515151515152
58042,27,75,102,0.2647058823529412
58043,27,181,208,0.12980769230769232
58045,35,125,160,0.21875
58046,33,187,220,0.15
58047,35,137,172,0.20348837209302326
58048,19,144,163,0.1165644171779141
58052,35,165,200,0.175
58053,10,36,46,0.21739130434782608
58054,17,143,160,0.10625
58055,35,161,196,0.17857142857142858
58056,19,66,85,0.2235294117647059
58066,29,124,153,0.1895424836601307
58080,33,168,201,0.16417910447761194
58081,25,89,114,0.21929824561403508
58083,32,125,157,0.20382165605095542
58084,29,196,225,0.1288888888888889
58085,9,120,129,0.06976744186046512
58086,40,161,201,0.19900497512437812
59034,41,56,97,0.422680412371134
59035,68,66,134,0.5074626865671642
59042,9,46,55,0.16363636363636364
59043,16,31,47,0.3404255319148936
59044,14,65,79,0.17721518987341772
59045,10,52,62,0.16129032258064516
60045,26,162,188,0.13829787234042554
60046,16,151,167,0.09580838323353294
60047,12,158,170,0.07058823529411765
60091,10,80,90,0.1111111111111111
24016,50,29,79,0.6329113924050633
24017,96,68,164,0.5853658536585366
24018,66,68,134,0.4925373134328358
24019,77,73,150,0.5133333333333333
24020,107,83,190,0.5631578947368421
24021,101,92,193,0.5233160621761658
24022,89,49,138,0.644927536231884
24024,66,79,145,0.45517241379310347
24025,67,49,116,0.5775862068965517
24041,25,12,37,0.6756756756756757
24042,39,54,93,0.41935483870967744
24043,92,117,209,0.44019138755980863
24044,35,91,126,0.2777777777777778
24045,44,55,99,0.4444444444444444
24046,46,97,143,0.32167832167832167
24047,34,79,113,0.3008849557522124
24048,10,28,38,0.2631578947368421
24049,97,132,229,0.42358078602620086
24050,34,51,85,0.4
24051,36,62,98,0.3673469387755102
24052,50,61,111,0.45045045045045046
24053,39,97,136,0.2867647058823529
24054,70,112,182,0.38461538461538464
24055,63,87,150,0.42
24056,9,2,11,0.8181818181818182
24062,41,97,138,0.2971014492753623
24067,31,57,88,0.3522727272727273
24078,37,77,114,0.32456140350877194
24080,0,0,0,0
24083,0,0,0,0
24084,56,72,128,0.4375
24085,41,56,97,0.422680412371134
24086,34,52,86,0.3953488372093023
24089,93,56,149,0.6241610738255033
25001,40,63,103,0.3883495145631068
25002,3,20,23,0.13043478260869565
25003,59,98,157,0.37579617834394907
25004,42,89,131,0.32061068702290074
25005,9,9,18,0.5
25006,28,64,92,0.30434782608695654
25007,32,80,112,0.2857142857142857
25008,50,43,93,0.5376344086021505
25009,27,10,37,0.7297297297297297
25010,37,43,80,0.4625
25011,84,63,147,0.5714285714285714
25012,67,66,133,0.5037593984962406
25013,61,77,138,0.4420289855072464
25014,90,52,142,0.6338028169014085
25015,66,39,105,0.6285714285714286
25016,33,56,89,0.3707865168539326
25017,49,89,138,0.35507246376811596
25018,54,104,158,0.34177215189873417
25019,66,117,183,0.36065573770491804
25020,69,75,144,0.4791666666666667
25021,74,50,124,0.5967741935483871
25022,61,78,139,0.43884892086330934
25023,38,35,73,0.5205479452054794
25024,46,72,118,0.3898305084745763
25027,63,29,92,0.6847826086956522
25028,73,50,123,0.5934959349593496
25029,71,72,143,0.4965034965034965
25030,57,62,119,0.4789915966386555
25031,50,91,141,0.3546099290780142
25032,48,70,118,0.4067796610169492
25033,15,34,49,0.30612244897959184
25034,5,0,5,1.0
25035,56,57,113,0.49557522123893805
25036,49,76,125,0.392
25037,40,47,87,0.45977011494252873
25038,34,38,72,0.4722222222222222
25039,41,29,70,0.5857142857142857
25040,52,46,98,0.5306122448979592
25041,3,16,19,0.15789473684210525
25042,23,30,53,0.4339622641509434
25043,52,57,109,0.47706422018348627
25044,39,72,111,0.35135135135135137
25045,42,42,84,0.5
25046,52,50,102,0.5098039215686274
25047,54,14,68,0.7941176470588235
25048,34,53,87,0.39080459770114945
25049,31,68,99,0.31313131313131315
25050,35,71,106,0.330188679245283
25051,52,52,104,0.5
25052,45,54,99,0.45454545454545453
25053,47,86,133,0.3533834586466165
25054,32,114,146,0.2191780821917808
25055,29,2,31,0.9354838709677419
25056,38,6,44,0.8636363636363636
25057,48,60,108,0.4444444444444444
25059,103,55,158,0.6518987341772152
25060,37,40,77,0.4805194805194805
25061,65,74,139,0.4676258992805755
25062,42,63,105,0.4
25063,45,46,91,0.4945054945054945
25064,40,42,82,0.4878048780487805
25065,66,46,112,0.5892857142857143
25067,0,0,0,0
25068,28,42,70,0.4
25069,28,21,49,0.5714285714285714
25070,8,44,52,0.15384615384615385
25071,58,76,134,0.43283582089552236
25072,32,36,68,0.47058823529411764
25073,33,31,64,0.515625
25074,23,54,77,0.2987012987012987
25075,79,28,107,0.7383177570093458
25076,43,26,69,0.6231884057971014
25077,39,11,50,0.78
25078,30,25,55,0.5454545454545454
25079,22,36,58,0.3793103448275862
26002,19,7,26,0.7307692307692307
26036,23,47,70,0.32857142857142857
26037,52,58,110,0.4727272727272727
26039,38,52,90,0.4222222222222222
26040,20,46,66,0.30303030303030304
26041,12,14,26,0.46153846153846156
26042,40,38,78,0.5128205128205128
26043,28,19,47,0.5957446808510638
26044,20,23,43,0.46511627906976744
26050,78,51,129,0.6046511627906976
26051,45,39,84,0.5357142857142857
26052,75,40,115,0.6521739130434783
26053,56,82,138,0.4057971014492754
26054,68,59,127,0.5354330708661418
26055,72,54,126,0.5714285714285714
26056,54,83,137,0.39416058394160586
26057,56,94,150,0.37333333333333335
26058,57,52,109,0.5229357798165137
26059,49,51,100,0.49
26060,56,60,116,0.4827586206896552
26061,65,59,124,0.5241935483870968
26062,53,73,126,0.42063492063492064
26063,76,69,145,0.5241379310344828
26064,66,58,124,0.532258064516129
26065,51,50,101,0.504950495049505
26066,67,70,137,0.48905109489051096
26067,61,65,126,0.48412698412698413
26068,58,54,112,0.5178571428571429
26069,34,54,88,0.38636363636363635
26070,39,80,119,0.3277310924369748
26080,44,42,86,0.5116279069767442
26081,52,51,103,0.5048543689320388
26082,42,50,92,0.45652173913043476
26083,58,56,114,0.5087719298245614
27001,160,117,277,0.5776173285198556
27003,73,66,139,0.5251798561151079
27004,59,72,131,0.45038167938931295
27005,77,78,155,0.4967741935483871
27006,137,163,300,0.45666666666666667
27007,132,107,239,0.5523012552301255
27008,83,121,204,0.4068627450980392
27009,34,94,128,0.265625
27010,2,5,7,0.2857142857142857
27011,59,52,111,0.5315315315315315
27012,45,80,125,0.36
27013,127,112,239,0.5313807531380753
27014,100,169,269,0.37174721189591076
27015,55,99,154,0.35714285714285715
27016,73,71,144,0.5069444444444444
27017,22,39,61,0.36065573770491804
27019,109,63,172,0.6337209302325582
27020,123,59,182,0.6758241758241759
27021,97,149,246,0.3943089430894309
27022,88,47,135,0.6518518518518519
27024,101,100,201,0.5024875621890548
27025,137,92,229,0.5982532751091703
27026,88,68,156,0.5641025641025641
27027,59,34,93,0.6344086021505376
27028,57,93,150,0.38
27029,46,71,117,0.39316239316239315
27030,81,59,140,0.5785714285714286
27031,4,13,17,0.23529411764705882
27032,12,18,30,0.4
27034,49,85,134,0.3656716417910448
27035,31,121,152,0.20394736842105263
27036,53,84,137,0.38686131386861317
27037,93,157,250,0.372
27038,56,128,184,0.30434782608695654
27039,46,117,163,0.2822085889570552
27040,45,120,165,0.2727272727272727
27041,26,78,104,0.25
27042,84,89,173,0.48554913294797686
27043,53,36,89,0.5955056179775281
27044,68,57,125,0.544
27045,99,100,199,0.49748743718592964
27046,20,16,36,0.5555555555555556
27047,55,41,96,0.5729166666666666
27048,21,55,76,0.27631578947368424
27049,41,58,99,0.41414141414141414
27050,40,67,107,0.37383177570093457
27052,46,81,127,0.36220472440944884
27053,29,49,78,0.3717948717948718
27054,34,52,86,0.3953488372093023
27055,43,73,116,0.3706896551724138
27056,21,93,114,0.18421052631578946
27070,0,0,0,0
27071,0,0,0,0
27079,36,44,80,0.45
27080,44,81,125,0.352
27083,83,61,144,0.5763888888888888
27084,55,119,174,0.3160919540229885
27085,24,94,118,0.2033898305084746
27086,42,41,83,0.5060240963855421
27088,37,48,85,0.43529411764705883
27089,49,53,102,0.4803921568627451
28006,66,108,174,0.3793103448275862
28007,23,38,61,0.3770491803278688
28008,31,19,50,0.62
28009,31,73,104,0.2980769230769231
28010,70,51,121,0.5785123966942148
28011,67,66,133,0.5037593984962406
28012,109,51,160,0.68125
28013,4,11,15,0.26666666666666666
28014,73,94,167,0.437125748502994
28015,58,84,142,0.4084507042253521
28016,32,62,94,0.3404255319148936
28017,43,64,107,0.40186915887850466
28018,49,84,133,0.3684210526315789
28019,104,70,174,0.5977011494252874
28020,105,68,173,0.6069364161849711
28021,85,65,150,0.5666666666666667
28022,173,111,284,0.6091549295774648
28023,150,115,265,0.5660377358490566
28024,108,49,157,0.6878980891719745
28025,108,102,210,0.5142857142857142
28026,49,56,105,0.4666666666666667
28027,78,42,120,0.65
28028,145,72,217,0.6682027649769585
28029,137,78,215,0.6372093023255814
28030,96,65,161,0.5962732919254659
28031,173,93,266,0.650375939849624
28032,75,49,124,0.6048387096774194
28034,13,9,22,0.5909090909090909
28035,135,66,201,0.6716417910447762
28036,142,87,229,0.6200873362445415
28037,111,84,195,0.5692307692307692
28038,103,90,193,0.533678756476684
28039,73,48,121,0.6033057851239669
28040,106,93,199,0.5326633165829145
28041,72,44,116,0.6206896551724138
28042,117,90,207,0.5652173913043478
28043,118,70,188,0.6276595744680851
28044,63,37,100,0.63
28045,99,62,161,0.6149068322981367
28046,61,70,131,0.46564885496183206
28047,145,116,261,0.5555555555555556
28048,162,74,236,0.6864406779661016
28049,61,72,133,0.45864661654135336
28050,74,78,152,0.4868421052631579
28051,73,69,142,0.5140845070422535
28052,27,18,45,0.6
28053,64,44,108,0.5925925925925926
28054,49,44,93,0.5268817204301075
28055,22,35,57,0.38596491228070173
28056,88,115,203,0.43349753694581283
28057,39,59,98,0.3979591836734694
28058,51,75,126,0.40476190476190477
28059,0,11,11,0.0
28060,30,46,76,0.39473684210526316
28061,65,65,130,0.5
28062,53,53,106,0.5
28063,90,59,149,0.6040268456375839
28064,41,46,87,0.47126436781609193
28065,95,69,164,0.5792682926829268
28066,93,74,167,0.5568862275449101
28067,116,94,210,0.5523809523809524
28068,103,81,184,0.5597826086956522
28069,84,93,177,0.4745762711864407
28070,24,46,70,0.34285714285714286
28071,22,64,86,0.2558139534883721
28072,26,84,110,0.23636363636363636
28073,34,54,88,0.38636363636363635
28074,25,55,80,0.3125
28075,49,64,113,0.4336283185840708
28076,31,51,82,0.3780487804878049
28077,36,51,87,0.41379310344827586
28078,36,52,88,0.4090909090909091
28079,0,0,0,0
28080,25,26,51,0.49019607843137253
28081,129,56,185,0.6972972972972973
28082,23,47,70,0.32857142857142857
28083,47,58,105,0.44761904761904764
28084,62,44,106,0.5849056603773585
28085,4,7,11,0.36363636363636365
28086,45,50,95,0.47368421052631576
28087,105,80,185,0.5675675675675675
28088,57,48,105,0.5428571428571428
28089,42,47,89,0.47191011235955055
30001,17,24,41,0.4146341463414634
30002,37,61,98,0.37755102040816324
30004,48,69,117,0.41025641025641024
30005,57,65,122,0.4672131147540984
30006,53,68,121,0.4380165289256198
30007,55,68,123,0.44715447154471544
30008,66,62,128,0.515625
30009,51,54,105,0.4857142857142857
30010,63,61,124,0.5080645161290323
30011,59,51,110,0.5363636363636364
30012,35,58,93,0.3763440860215054
30013,39,71,110,0.35454545454545455
30014,37,49,86,0.43023255813953487
30015,35,42,77,0.45454545454545453
30016,31,45,76,0.40789473684210525
30017,35,52,87,0.40229885057471265
30018,46,88,134,0.34328358208955223
30020,28,35,63,0.4444444444444444
30021,18,82,100,0.18
30022,50,74,124,0.4032258064516129
30023,57,67,124,0.4596774193548387
30024,41,93,134,0.30597014925373134
30025,36,55,91,0.3956043956043956
30026,39,60,99,0.3939393939393939
30027,62,86,148,0.4189189189189189
30030,36,64,100,0.36
30031,42,65,107,0.3925233644859813
30032,19,12,31,0.6129032258064516
30033,13,22,35,0.37142857142857144
30070,0,0,0,0
30072,0,0,0,0
30073,40,50,90,0.4444444444444444
30074,25,66,91,0.27472527472527475
32007,11,22,33,0.3333333333333333
32009,2,26,28,0.07142857142857142
34057,8,32,40,0.2
34059,0,7,7,0.0
34060,45,95,140,0.32142857142857145
34061,4,9,13,0.3076923076923077
34062,22,12,34,0.6470588235294118
35001,11,21,32,0.34375
35002,53,79,132,0.4015151515151515
35003,65,63,128,0.5078125
35004,57,75,132,0.4318181818181818
35005,45,81,126,0.35714285714285715
35006,69,87,156,0.4423076923076923
35007,35,76,111,0.3153153153153153
35008,49,70,119,0.4117647058823529
35009,79,76,155,0.5096774193548387
35010,62,100,162,0.38271604938271603
35011,43,66,109,0.3944954128440367
35012,76,127,203,0.37438423645320196
35023,23,63,86,0.26744186046511625
35024,27,86,113,0.23893805309734514
35026,53,56,109,0.48623853211009177
35027,30,41,71,0.4225352112676056
35030,13,20,33,0.3939393939393939
35033,69,99,168,0.4107142857142857
35036,1,4,5,0.2
35055,0,0,0,0
35063,65,71,136,0.47794117647058826
35064,49,93,142,0.34507042253521125
37043,25,57,82,0.3048780487804878
37044,31,39,70,0.44285714285714284
37045,62,72,134,0.4626865671641791
37046,39,75,114,0.34210526315789475
37047,60,104,164,0.36585365853658536
37048,59,130,189,0.31216931216931215
37049,43,149,192,0.22395833333333334
37050,83,112,195,0.4256410256410256
37084,49,72,121,0.4049586776859504
37085,31,45,76,0.40789473684210525
38012,38,55,93,0.40860215053763443
38013,18,62,80,0.225
38014,30,81,111,0.2702702702702703
38015,10,29,39,0.2564102564102564
38016,67,75,142,0.47183098591549294
38017,40,68,108,0.37037037037037035
38018,28,61,89,0.3146067415730337
38019,30,47,77,0.38961038961038963
38022,43,103,146,0.2945205479452055
38028,41,88,129,0.3178294573643411
38060,0,0,0,0
38061,0,0,0,0
38066,20,59,79,0.25316455696202533
38067,27,58,85,0.3176470588235294
39021,6,17,23,0.2608695652173913
39023,30,71,101,0.297029702970297
39024,12,39,51,0.23529411764705882
39025,28,94,122,0.22950819672131148
39026,29,79,108,0.26851851851851855
39027,44,52,96,0.4583333333333333
39029,51,92,143,0.35664335664335667
39030,44,86,130,0.3384615384615385
39031,41,62,103,0.39805825242718446
39032,27,53,80,0.3375
39033,34,50,84,0.40476190476190477
39034,62,104,166,0.37349397590361444
39035,34,35,69,0.4927536231884058
39036,7,5,12,0.5833333333333334
39037,32,85,117,0.27350427350427353
39038,28,61,89,0.3146067415730337
39039,0,0,0,0
39055,18,51,69,0.2608695652173913
40003,43,47,90,0.4777777777777778
40004,33,47,80,0.4125
40005,43,34,77,0.5584415584415584
40006,47,48,95,0.49473684210526314
40007,53,55,108,0.49074074074074076
40008,24,46,70,0.34285714285714286
40009,68,82,150,0.4533333333333333
40011,11,36,47,0.23404255319148937
40013,59,62,121,0.48760330578512395
40014,47,34,81,0.5802469135802469
40015,72,70,142,0.5070422535211268
40016,44,70,114,0.38596491228070173
40017,20,31,51,0.39215686274509803
40018,27,62,89,0.30337078651685395
40019,53,83,136,0.3897058823529412
40020,40,88,128,0.3125
40021,19,49,68,0.27941176470588236
40022,56,82,138,0.4057971014492754
40023,35,49,84,0.4166666666666667
40024,23,56,79,0.2911392405063291
40025,41,73,114,0.35964912280701755
40026,24,56,80,0.3
40027,36,60,96,0.375
40028,26,35,61,0.4262295081967213
40029,38,58,96,0.3958333333333333
40030,43,55,98,0.4387755102040816
40031,45,54,99,0.45454545454545453
40032,27,53,80,0.3375
40033,65,60,125,0.52
40034,25,39,64,0.390625
40035,44,93,137,0.32116788321167883
40036,49,101,150,0.32666666666666666
40037,50,106,156,0.32051282051282054
40038,32,88,120,0.26666666666666666
40039,42,64,106,0.39622641509433965
40040,27,94,121,0.2231404958677686
40041,37,48,85,0.43529411764705883
40042,42,64,106,0.39622641509433965
40043,42,74,116,0.3620689655172414
40044,33,48,81,0.4074074074074074
40045,28,71,99,0.2828282828282828
40046,44,77,121,0.36363636363636365
40047,67,81,148,0.4527027027027027
40048,76,105,181,0.4198895027624309
40049,44,42,86,0.5116279069767442
40050,23,115,138,0.16666666666666666
40051,30,151,181,0.16574585635359115
40052,28,38,66,0.42424242424242425
40053,32,61,93,0.34408602150537637
40056,50,77,127,0.3937007874015748
40057,51,61,112,0.45535714285714285
40058,35,60,95,0.3684210526315789
40059,26,52,78,0.3333333333333333
40060,57,70,127,0.44881889763779526
65001,93,55,148,0.6283783783783784
65002,87,79,166,0.5240963855421686
65003,118,46,164,0.7195121951219512
65004,105,54,159,0.660377358490566
65005,43,58,101,0.42574257425742573
65006,111,100,211,0.5260663507109005
65007,94,91,185,0.5081081081081081
65008,130,120,250,0.52
65009,73,39,112,0.6517857142857143
65010,85,64,149,0.5704697986577181
65011,85,56,141,0.6028368794326241
65012,79,63,142,0.5563380281690141
65013,71,77,148,0.4797297297297297
65014,116,75,191,0.6073298429319371
65015,98,69,167,0.5868263473053892
65016,145,75,220,0.6590909090909091
65017,0,2,2,0.0
65066,41,44,85,0.4823529411764706
65067,35,12,47,0.7446808510638298
65085,76,51,127,0.5984251968503937
65086,64,46,110,0.5818181818181818
65087,92,59,151,0.609271523178808
65088,148,80,228,0.6491228070175439
65089,54,42,96,0.5625
65090,61,59,120,0.5083333333333333
65091,56,39,95,0.5894736842105263
65092,51,33,84,0.6071428571428571
65093,76,51,127,0.5984251968503937
66001,54,60,114,0.47368421052631576
66002,60,44,104,0.5769230769230769
66003,109,51,160,0.68125
66004,78,53,131,0.5954198473282443
66005,77,60,137,0.5620437956204379
66006,80,48,128,0.625
66007,106,69,175,0.6057142857142858
66008,135,106,241,0.5601659751037344
66009,168,69,237,0.7088607594936709
66010,115,76,191,0.6020942408376964
66011,157,99,256,0.61328125
66012,118,52,170,0.6941176470588235
66013,115,62,177,0.6497175141242938
66014,73,41,114,0.6403508771929824
66015,98,60,158,0.620253164556962
66016,1,0,1,1.0
66018,126,95,221,0.5701357466063348
66019,102,90,192,0.53125
66021,86,114,200,0.43
66022,87,89,176,0.4943181818181818
66023,171,125,296,0.5777027027027027
66041,77,86,163,0.4723926380368098
66044,62,84,146,0.4246575342465753
66045,78,109,187,0.41711229946524064
66046,102,84,186,0.5483870967741935
66047,118,60,178,0.6629213483146067
66058,78,36,114,0.6842105263157895
66059,145,82,227,0.6387665198237885
66060,107,92,199,0.5376884422110553
66061,156,78,234,0.6666666666666666
66062,91,73,164,0.5548780487804879
66063,127,71,198,0.6414141414141414
66064,120,81,201,0.5970149253731343
66065,99,43,142,0.6971830985915493
66066,114,68,182,0.6263736263736264
66067,97,67,164,0.5914634146341463
66068,140,72,212,0.660377358490566
66069,113,92,205,0.551219512195122
66070,24,18,42,0.5714285714285714
66071,124,80,204,0.6078431372549019
66072,107,110,217,0.4930875576036866
66073,97,107,204,0.47549019607843135
66074,111,82,193,0.5751295336787565
66075,140,103,243,0.5761316872427984
66076,172,101,273,0.63003663003663
66077,119,107,226,0.5265486725663717
66078,168,134,302,0.5562913907284768
66079,161,125,286,0.5629370629370629
66080,155,127,282,0.549645390070922
66081,155,96,251,0.6175298804780877
66082,118,52,170,0.6941176470588235
66083,143,82,225,0.6355555555555555
66084,164,115,279,0.5878136200716846
66085,177,76,253,0.6996047430830039
66086,157,102,259,0.6061776061776062
66087,201,113,314,0.6401273885350318
66088,92,77,169,0.5443786982248521
66089,112,101,213,0.5258215962441315
66090,66,45,111,0.5945945945945946
66091,66,39,105,0.6285714285714286
66096,98,79,177,0.5536723163841808
66097,83,82,165,0.503030303030303
66098,77,115,192,0.4010416666666667
66099,134,51,185,0.7243243243243244
66100,31,12,43,0.7209302325581395
66105,74,47,121,0.6115702479338843
67001,83,4,87,0.9540229885057471
67002,194,180,374,0.5187165775401069
67003,74,112,186,0.3978494623655914
67004,99,100,199,0.49748743718592964
67005,127,132,259,0.49034749034749037
67006,133,81,214,0.6214953271028038
67007,41,71,112,0.36607142857142855
67008,183,108,291,0.6288659793814433
67010,137,87,224,0.6116071428571429
67013,128,73,201,0.6368159203980099
67014,168,107,275,0.610909090909091
67015,173,71,244,0.7090163934426229
67016,96,50,146,0.6575342465753424
67017,116,44,160,0.725
67018,179,101,280,0.6392857142857142
67019,72,127,199,0.36180904522613067
67020,136,122,258,0.5271317829457365
67021,42,25,67,0.6268656716417911
67022,63,46,109,0.5779816513761468
67023,153,51,204,0.75
67024,113,60,173,0.653179190751445
67025,11,79,90,0.12222222222222222
67026,53,107,160,0.33125
67027,75,129,204,0.36764705882352944
67028,133,81,214,0.6214953271028038
67029,74,49,123,0.6016260162601627
67030,32,19,51,0.6274509803921569
67031,152,159,311,0.4887459807073955
67032,158,70,228,0.6929824561403509
67033,104,55,159,0.6540880503144654
67034,85,32,117,0.7264957264957265
67035,150,55,205,0.7317073170731707
67036,79,52,131,0.6030534351145038
67037,111,96,207,0.5362318840579711
67038,72,54,126,0.5714285714285714
67039,90,104,194,0.4639175257731959
67040,107,18,125,0.856
67041,114,105,219,0.5205479452054794
67042,190,235,425,0.4470588235294118
67043,213,183,396,0.5378787878787878
67044,87,118,205,0.424390243902439
67045,78,37,115,0.6782608695652174
67046,208,119,327,0.636085626911315
67047,107,38,145,0.7379310344827587
67048,87,45,132,0.6590909090909091
67049,144,66,210,0.6857142857142857
67050,189,108,297,0.6363636363636364
67051,75,62,137,0.5474452554744526
67052,158,76,234,0.6752136752136753
67053,112,75,187,0.5989304812834224
67054,100,40,140,0.7142857142857143
67055,90,57,147,0.6122448979591837
67056,131,96,227,0.5770925110132159
67057,128,88,216,0.5925925925925926
67058,104,49,153,0.6797385620915033
67059,167,59,226,0.7389380530973452
67060,100,91,191,0.5235602094240838
67061,144,100,244,0.5901639344262295
67062,120,45,165,0.7272727272727273
67063,106,48,154,0.6883116883116883
67064,143,90,233,0.6137339055793991
67065,121,77,198,0.6111111111111112
67066,156,41,197,0.7918781725888325
67067,201,104,305,0.659016393442623
67068,181,81,262,0.6908396946564885
67069,231,108,339,0.6814159292035398
67070,108,57,165,0.6545454545454545
67071,146,80,226,0.6460176991150443
67072,161,60,221,0.7285067873303167
67073,127,78,205,0.6195121951219512
67074,176,72,248,0.7096774193548387
67075,138,89,227,0.6079295154185022
67076,177,64,241,0.7344398340248963
67077,175,75,250,0.7
67078,147,82,229,0.6419213973799127
67079,120,48,168,0.7142857142857143
67080,198,75,273,0.7252747252747253
67081,122,53,175,0.6971428571428572
67082,135,107,242,0.5578512396694215
67083,156,68,224,0.6964285714285714
67084,93,39,132,0.7045454545454546
67085,105,49,154,0.6818181818181818
67086,102,72,174,0.5862068965517241
67087,178,77,255,0.6980392156862745
67088,102,79,181,0.56353591160221
67089,152,71,223,0.6816143497757847
67090,164,97,261,0.6283524904214559
67091,142,69,211,0.6729857819905213
67092,190,79,269,0.7063197026022305
67093,142,73,215,0.6604651162790698
67094,190,71,261,0.7279693486590039
67095,126,71,197,0.6395939086294417
67096,156,36,192,0.8125
67097,128,50,178,0.7191011235955056
67098,149,86,235,0.6340425531914894
67099,179,92,271,0.6605166051660517
67101,122,86,208,0.5865384615384616
67105,109,49,158,0.689873417721519
67106,125,167,292,0.4280821917808219
67107,61,37,98,0.6224489795918368
67108,66,58,124,0.532258064516129
67109,172,126,298,0.5771812080536913
67110,85,75,160,0.53125
67111,48,66,114,0.42105263157894735
67112,190,58,248,0.7661290322580645
67113,73,23,96,0.7604166666666666
67114,118,49,167,0.7065868263473054
69001,113,61,174,0.6494252873563219
69002,111,33,144,0.7708333333333334
69003,128,110,238,0.5378151260504201
69004,161,83,244,0.6598360655737705
69005,122,53,175,0.6971428571428572
69006,153,109,262,0.583969465648855
69007,144,59,203,0.7093596059113301
69008,40,33,73,0.547945205479452
69009,138,84,222,0.6216216216216216
69010,187,92,279,0.6702508960573477
69011,218,72,290,0.7517241379310344
69012,86,51,137,0.6277372262773723
69013,103,59,162,0.6358024691358025
69014,89,37,126,0.7063492063492064
69015,139,98,237,0.5864978902953587
69016,93,68,161,0.577639751552795
69017,80,73,153,0.5228758169934641
69018,190,99,289,0.657439446366782
69019,102,51,153,0.6666666666666666
69020,156,130,286,0.5454545454545454
69021,175,141,316,0.5537974683544303
69022,207,77,284,0.7288732394366197
69023,120,53,173,0.6936416184971098
69024,159,72,231,0.6883116883116883
69025,115,69,184,0.625
69026,190,62,252,0.753968253968254
69027,73,46,119,0.6134453781512605
69028,37,61,98,0.37755102040816324
69029,214,121,335,0.6388059701492538
69030,194,84,278,0.697841726618705
69031,139,75,214,0.6495327102803738
69032,201,122,323,0.6222910216718266
69033,227,86,313,0.7252396166134185
69034,168,125,293,0.5733788395904437
69035,73,46,119,0.6134453781512605
69036,19,9,28,0.6785714285714286
69037,111,54,165,0.6727272727272727
69038,100,101,201,0.4975124378109453
69039,170,98,268,0.6343283582089553
69040,281,147,428,0.6565420560747663
69041,107,64,171,0.6257309941520468
69042,139,95,234,0.594017094017094
69043,152,129,281,0.5409252669039146
69044,150,88,238,0.6302521008403361
69045,159,85,244,0.6516393442622951
69046,193,86,279,0.6917562724014337
69047,144,43,187,0.7700534759358288
69048,181,82,263,0.688212927756654
69049,187,92,279,0.6702508960573477
69050,184,90,274,0.6715328467153284
69051,111,64,175,0.6342857142857142
69052,119,100,219,0.54337899543379
69058,105,91,196,0.5357142857142857
69059,47,49,96,0.4895833333333333
69060,165,99,264,0.625
69061,202,89,291,0.6941580756013745
69062,188,67,255,0.7372549019607844
69063,127,60,187,0.679144385026738
69064,127,140,267,0.4756554307116105
69065,166,66,232,0.7155172413793104
69066,38,51,89,0.42696629213483145
69071,56,43,99,0.5656565656565656
69072,126,75,201,0.6268656716417911
69073,184,97,281,0.6548042704626335
69077,176,93,269,0.654275092936803
69078,143,85,228,0.6271929824561403
69079,126,81,207,0.6086956521739131
69084,101,85,186,0.543010752688172
69085,114,58,172,0.6627906976744186
69086,233,131,364,0.6401098901098901
69087,169,96,265,0.6377358490566037
69088,44,38,82,0.5365853658536586
69090,191,126,317,0.6025236593059937
69091,138,43,181,0.7624309392265194
69092,162,73,235,0.6893617021276596
69093,194,155,349,0.5558739255014327
69094,69,47,116,0.5948275862068966
69095,172,101,273,0.63003663003663
69096,8,10,18,0.4444444444444444
69097,86,63,149,0.5771812080536913
69110,98,51,149,0.6577181208053692
69111,88,68,156,0.5641025641025641
69112,114,46,160,0.7125
69113,102,40,142,0.7183098591549296
69115,95,57,152,0.625
70064,11,5,16,0.6875
70065,127,91,218,0.5825688073394495
75012,45,76,121,0.371900826446281
75013,95,118,213,0.4460093896713615
75014,49,78,127,0.3858267716535433
75015,116,91,207,0.5603864734299517
75020,143,68,211,0.6777251184834123
75021,97,67,164,0.5914634146341463
75022,156,76,232,0.6724137931034483
75023,218,82,300,0.7266666666666667
75024,105,52,157,0.6687898089171974
75025,158,103,261,0.6053639846743295
75026,109,81,190,0.5736842105263158
75038,98,81,179,0.547486033519553
75039,111,73,184,0.6032608695652174
75040,76,71,147,0.5170068027210885
75041,47,73,120,0.39166666666666666
75043,238,160,398,0.5979899497487438
75044,111,83,194,0.5721649484536082
75045,51,83,134,0.3805970149253731
75046,48,31,79,0.6075949367088608
75047,83,53,136,0.6102941176470589
75059,150,119,269,0.5576208178438662
75060,2,2,4,0.5
75062,110,78,188,0.5851063829787234
75063,127,76,203,0.625615763546798
75064,89,116,205,0.43414634146341463
75066,42,25,67,0.6268656716417911
75067,61,51,112,0.5446428571428571
75069,20,20,40,0.5
75070,144,121,265,0.5433962264150943
75071,313,211,524,0.5973282442748091
75072,278,268,546,0.5091575091575091
75073,129,69,198,0.6515151515151515
75077,52,50,102,0.5098039215686274
75078,88,67,155,0.567741935483871
75079,117,61,178,0.6573033707865169
75080,99,76,175,0.5657142857142857
75081,50,33,83,0.6024096385542169
75082,104,93,197,0.5279187817258884
75083,95,96,191,0.4973821989528796
75084,65,94,159,0.4088050314465409
75085,76,63,139,0.5467625899280576
75086,22,2,24,0.9166666666666666
75094,87,38,125,0.696
75095,84,51,135,0.6222222222222222
75096,88,12,100,0.88
75097,156,18,174,0.896551724137931
75098,102,49,151,0.6754966887417219
75099,135,39,174,0.7758620689655172
75100,102,46,148,0.6891891891891891
75102,0,0,0,0
75105,0,0,0,0
75107,122,72,194,0.6288659793814433
75108,105,105,210,0.5
75111,142,74,216,0.6574074074074074
75112,234,150,384,0.609375
75114,169,170,339,0.49852507374631266
75115,118,92,210,0.5619047619047619
42033,5,9,14,0.35714285714285715
44001,18,67,85,0.21176470588235294
44002,2,34,36,0.05555555555555555
44003,21,36,57,0.3684210526315789
44004,13,36,49,0.2653061224489796
44005,42,41,83,0.5060240963855421
44006,72,86,158,0.45569620253164556
44007,85,90,175,0.4857142857142857
44008,80,68,148,0.5405405405405406
44009,96,111,207,0.463768115942029
44010,58,102,160,0.3625
44013,14,12,26,0.5384615384615384
44014,63,80,143,0.4405594405594406
44015,97,97,194,0.5
44016,51,80,131,0.3893129770992366
44017,58,73,131,0.44274809160305345
44018,134,106,240,0.5583333333333333
44019,38,101,139,0.2733812949640288
44020,44,82,126,0.3492063492063492
44021,0,1,1,0.0
44022,1,1,2,0.5
44023,28,76,104,0.2692307692307692
44039,66,74,140,0.4714285714285714
44040,15,21,36,0.4166666666666667
44042,84,99,183,0.45901639344262296
44043,81,104,185,0.43783783783783786
44044,54,52,106,0.5094339622641509
44045,98,71,169,0.5798816568047337
44046,76,62,138,0.5507246376811594
44047,29,25,54,0.5370370370370371
44081,30,48,78,0.38461538461538464
44085,19,25,44,0.4318181818181818
44086,92,50,142,0.647887323943662
44088,95,76,171,0.5555555555555556
44089,84,88,172,0.4883720930232558
45006,27,81,108,0.25
45018,3,5,8,0.375
47003,22,25,47,0.46808510638297873
47004,2,4,6,0.3333333333333333
47010,5,6,11,0.45454545454545453
47020,26,29,55,0.4727272727272727
47021,23,44,67,0.34328358208955223
47022,36,16,52,0.6923076923076923
47023,35,46,81,0.43209876543209874
47024,28,42,70,0.4
47025,50,33,83,0.6024096385542169
47026,31,32,63,0.49206349206349204
47027,48,55,103,0.46601941747572817
47028,37,26,63,0.5873015873015873
47029,18,36,54,0.3333333333333333
47030,25,19,44,0.5681818181818182
47031,41,60,101,0.40594059405940597
47033,11,18,29,0.3793103448275862
47034,19,28,47,0.40425531914893614
47036,31,20,51,0.6078431372549019
47037,23,27,50,0.46
47039,12,20,32,0.375
47040,8,19,27,0.2962962962962963
47042,12,10,22,0.5454545454545454
47043,44,39,83,0.5301204819277109
47044,23,47,70,0.32857142857142857
47045,49,24,73,0.6712328767123288
47046,28,22,50,0.56
47047,30,33,63,0.47619047619047616
47050,29,38,67,0.43283582089552236
47051,44,43,87,0.5057471264367817
47052,23,16,39,0.5897435897435898
47069,34,25,59,0.576271186440678
47070,18,14,32,0.5625
47072,12,14,26,0.46153846153846156
48002,5,6,11,0.45454545454545453
48003,14,26,40,0.35
48004,19,37,56,0.3392857142857143
48005,15,29,44,0.3409090909090909
48006,10,23,33,0.30303030303030304
48007,9,24,33,0.2727272727272727
48008,2,5,7,0.2857142857142857
48009,9,38,47,0.19148936170212766
48010,9,19,28,0.32142857142857145
48011,9,28,37,0.24324324324324326
48012,10,23,33,0.30303030303030304
48013,12,37,49,0.24489795918367346
48014,4,39,43,0.09302325581395349
48015,15,32,47,0.3191489361702128
48016,10,18,28,0.35714285714285715
48017,8,22,30,0.26666666666666666
48018,9,32,41,0.21951219512195122
48019,8,34,42,0.19047619047619047
48020,5,25,30,0.16666666666666666
48021,13,20,33,0.3939393939393939
48022,3,35,38,0.07894736842105263
48023,12,33,45,0.26666666666666666
48024,11,28,39,0.28205128205128205
48025,4,30,34,0.11764705882352941
48026,6,61,67,0.08955223880597014
48027,12,23,35,0.34285714285714286
48028,14,37,51,0.27450980392156865
48029,8,44,52,0.15384615384615385
48030,8,48,56,0.14285714285714285
48031,3,40,43,0.06976744186046512
48032,10,38,48,0.20833333333333334
48033,8,14,22,0.36363636363636365
48034,9,18,27,0.3333333333333333
48035,3,6,9,0.3333333333333333
48036,31,38,69,0.4492753623188406
48037,29,29,58,0.5
48038,10,21,31,0.3225806451612903
48039,9,19,28,0.32142857142857145
48040,19,49,68,0.27941176470588236
48041,7,18,25,0.28
48042,26,34,60,0.43333333333333335
48043,40,26,66,0.6060606060606061
48044,30,32,62,0.4838709677419355
48045,18,17,35,0.5142857142857142
48046,11,53,64,0.171875
48047,27,61,88,0.3068181818181818
48048,19,51,70,0.2714285714285714
48050,17,31,48,0.3541666666666667
48051,18,20,38,0.47368421052631576
48052,15,36,51,0.29411764705882354
48059,27,81,108,0.25
48060,26,71,97,0.26804123711340205
48071,2,15,17,0.11764705882352941
48072,18,22,40,0.45
49006,12,9,21,0.5714285714285714
49007,17,11,28,0.6071428571428571
49014,0,1,1,0.0
49016,39,41,80,0.4875
49017,18,26,44,0.4090909090909091
49019,21,34,55,0.38181818181818183
49020,38,31,69,0.5507246376811594
49021,32,51,83,0.3855421686746988
49022,47,36,83,0.5662650602409639
49023,45,35,80,0.5625
49024,27,30,57,0.47368421052631576
49025,21,37,58,0.3620689655172414
49026,17,32,49,0.3469387755102041
49027,16,19,35,0.45714285714285713
49028,30,21,51,0.5882352941176471
49029,9,5,14,0.6428571428571429
49030,11,14,25,0.44
49033,9,9,18,0.5
49034,21,12,33,0.6363636363636364
49035,41,41,82,0.5
49037,45,30,75,0.6
49038,32,19,51,0.6274509803921569
49039,46,31,77,0.5974025974025974
49040,34,21,55,0.6181818181818182
49041,31,29,60,0.5166666666666667
49042,17,35,52,0.3269230769230769
49043,14,18,32,0.4375
49046,1,10,11,0.09090909090909091
49055,15,25,40,0.375
49057,4,22,26,0.15384615384615385
49058,39,31,70,0.5571428571428572
49059,29,49,78,0.3717948717948718
49064,16,25,41,0.3902439024390244
49069,34,16,50,0.68
49070,31,38,69,0.4492753623188406
51014,23,71,94,0.24468085106382978
51015,16,54,70,0.22857142857142856
51016,14,45,59,0.23728813559322035
51019,3,15,18,0.16666666666666666
51024,20,65,85,0.23529411764705882
51025,0,0,0,0
51026,20,84,104,0.19230769230769232
51027,22,21,43,0.5116279069767442
51028,15,6,21,0.7142857142857143
51045,2,5,7,0.2857142857142857
51047,26,41,67,0.3880597014925373
51048,0,1,1,0.0
51060,31,78,109,0.28440366972477066
51061,33,83,116,0.28448275862068967
51062,68,79,147,0.46258503401360546
51068,20,32,52,0.38461538461538464
51077,55,77,132,0.4166666666666667
52119,0,0,0,0
52124,0,0,0,0
64082,13,14,27,0.48148148148148145
64094,0,0,0,0
64095,0,0,0,0
65052,63,123,186,0.3387096774193548
65053,65,149,214,0.3037383177570093
65054,45,133,178,0.25280898876404495
65055,61,151,212,0.28773584905660377
65056,34,134,168,0.20238095238095238
65057,57,110,167,0.3413173652694611
65069,53,59,112,0.4732142857142857
65070,23,14,37,0.6216216216216216
65075,71,108,179,0.39664804469273746
65076,88,94,182,0.4835164835164835
65077,89,150,239,0.3723849372384937
65078,77,89,166,0.463855421686747
65079,118,139,257,0.4591439688715953
65080,120,103,223,0.5381165919282511
65081,90,106,196,0.45918367346938777
66020,79,73,152,0.5197368421052632
66024,87,35,122,0.7131147540983607
66025,54,34,88,0.6136363636363636
66026,81,78,159,0.5094339622641509
66027,80,84,164,0.4878048780487805
66028,98,60,158,0.620253164556962
66029,90,52,142,0.6338028169014085
66030,126,129,255,0.49411764705882355
66031,66,66,132,0.5
66032,131,120,251,0.5219123505976095
66033,94,76,170,0.5529411764705883
66034,141,122,263,0.5361216730038023
66035,121,121,242,0.5
66036,128,72,200,0.64
66037,100,89,189,0.5291005291005291
66038,104,58,162,0.6419753086419753
66039,58,55,113,0.5132743362831859
66043,116,42,158,0.7341772151898734
66048,108,46,154,0.7012987012987013
66049,121,84,205,0.5902439024390244
66050,103,77,180,0.5722222222222222
66051,177,46,223,0.7937219730941704
66052,125,84,209,0.5980861244019139
66053,164,100,264,0.6212121212121212
66054,121,93,214,0.5654205607476636
66055,129,56,185,0.6972972972972973
66056,115,77,192,0.5989583333333334
66057,116,78,194,0.5979381443298969
66101,69,51,120,0.575
66102,102,55,157,0.6496815286624203
66103,94,50,144,0.6527777777777778
66104,25,26,51,0.49019607843137253
66106,54,54,108,0.5
67009,113,63,176,0.6420454545454546
67011,65,39,104,0.625
67012,52,20,72,0.7222222222222222
68001,48,139,187,0.25668449197860965
68002,25,151,176,0.14204545454545456
68003,95,95,190,0.5
68004,107,94,201,0.5323383084577115
68005,86,61,147,0.5850340136054422
68006,64,74,138,0.463768115942029
68007,59,31,90,0.6555555555555556
68008,73,48,121,0.6033057851239669
68009,99,31,130,0.7615384615384615
68010,73,41,114,0.6403508771929824
68011,105,63,168,0.625
68012,37,37,74,0.5
68013,38,29,67,0.5671641791044776
68014,65,45,110,0.5909090909090909
68015,93,71,164,0.5670731707317073
68094,4,4,8,0.5
68103,0,0,0,0
68111,39,32,71,0.5492957746478874
68112,119,88,207,0.5748792270531401
73001,69,54,123,0.5609756097560976
73002,71,33,104,0.6826923076923077
73003,160,77,237,0.6751054852320675
73004,84,50,134,0.6268656716417911
73005,86,53,139,0.6187050359712231
73006,82,53,135,0.6074074074074074
73007,74,44,118,0.6271186440677966
73008,3,1,4,0.75
73009,146,70,216,0.6759259259259259
73010,137,97,234,0.5854700854700855
73011,97,56,153,0.6339869281045751
73012,51,35,86,0.5930232558139535
73013,79,37,116,0.6810344827586207
73014,42,29,71,0.5915492957746479
73015,34,29,63,0.5396825396825397
73016,78,30,108,0.7222222222222222
73017,93,60,153,0.6078431372549019
73018,105,36,141,0.7446808510638298
73019,76,25,101,0.7524752475247525
73020,4,3,7,0.5714285714285714
73021,121,41,162,0.7469135802469136
73022,120,46,166,0.7228915662650602
73023,111,44,155,0.7161290322580646
73024,100,152,252,0.3968253968253968
73025,140,49,189,0.7407407407407407
73026,145,32,177,0.8192090395480226
73027,90,44,134,0.6716417910447762
73028,128,51,179,0.7150837988826816
73029,115,56,171,0.672514619883041
73030,101,62,163,0.6196319018404908
73031,125,41,166,0.7530120481927711
73032,95,43,138,0.6884057971014492
73033,137,66,203,0.6748768472906403
73034,88,14,102,0.8627450980392157
73035,171,45,216,0.7916666666666666
73036,112,38,150,0.7466666666666667
73037,114,49,163,0.6993865030674846
73038,140,57,197,0.7106598984771574
73039,128,52,180,0.7111111111111111
73040,139,46,185,0.7513513513513513
73041,107,60,167,0.6407185628742516
73042,102,41,143,0.7132867132867133
73043,6,3,9,0.6666666666666666
73044,89,45,134,0.664179104477612
73045,43,29,72,0.5972222222222222
73046,36,16,52,0.6923076923076923
73047,91,35,126,0.7222222222222222
73048,80,38,118,0.6779661016949152
73049,120,50,170,0.7058823529411765
73050,78,24,102,0.7647058823529411
73051,66,27,93,0.7096774193548387
73052,58,9,67,0.8656716417910447
73053,55,32,87,0.632183908045977
73054,69,20,89,0.7752808988764045
73055,109,66,175,0.6228571428571429
73056,73,36,109,0.6697247706422018
73057,113,66,179,0.6312849162011173
73058,62,40,102,0.6078431372549019
73059,67,13,80,0.8375
73060,71,42,113,0.6283185840707964
73061,75,24,99,0.7575757575757576
73062,66,36,102,0.6470588235294118
73063,98,50,148,0.6621621621621622
73064,58,64,122,0.47540983606557374
73065,112,72,184,0.6086956521739131
73066,78,25,103,0.7572815533980582
73067,81,31,112,0.7232142857142857
73068,128,89,217,0.5898617511520737
73069,193,53,246,0.7845528455284553
73070,82,49,131,0.6259541984732825
73071,80,20,100,0.8
73072,60,31,91,0.6593406593406593
73073,102,44,146,0.6986301369863014
73074,96,52,148,0.6486486486486487
73075,96,36,132,0.7272727272727273
73076,95,36,131,0.7251908396946565
73077,65,30,95,0.6842105263157895
73078,86,36,122,0.7049180327868853
73079,133,43,176,0.7556818181818182
73080,126,65,191,0.6596858638743456
73081,100,25,125,0.8
73082,90,31,121,0.743801652892562
73083,136,82,218,0.6238532110091743
73084,106,71,177,0.5988700564971752
73085,108,63,171,0.631578947368421
73086,103,43,146,0.7054794520547946
73087,119,67,186,0.6397849462365591
73088,64,28,92,0.6956521739130435
73089,122,42,164,0.7439024390243902
73090,62,140,202,0.3069306930693069
73091,97,133,230,0.4217391304347826
73092,68,130,198,0.3434343434343434
73093,175,110,285,0.6140350877192983
73094,76,39,115,0.6608695652173913
73095,159,66,225,0.7066666666666667
73096,87,42,129,0.6744186046511628
73097,112,50,162,0.691358024691358
73098,82,30,112,0.7321428571428571
73099,84,43,127,0.6614173228346457
73100,101,44,145,0.696551724137931
73101,57,23,80,0.7125
73102,107,35,142,0.7535211267605634
73103,59,33,92,0.6413043478260869
73104,97,71,168,0.5773809523809523
73105,72,35,107,0.6728971962616822
73106,101,38,139,0.7266187050359713
73107,106,31,137,0.7737226277372263
74007,59,45,104,0.5673076923076923
74008,76,107,183,0.41530054644808745
74010,85,43,128,0.6640625
74015,83,59,142,0.5845070422535211
74016,42,31,73,0.5753424657534246
74017,57,88,145,0.3931034482758621
74018,21,50,71,0.29577464788732394
74019,70,75,145,0.4827586206896552
74020,92,108,200,0.46
74021,129,124,253,0.5098814229249012
74022,93,123,216,0.4305555555555556
74023,140,110,250,0.56
74024,90,118,208,0.4326923076923077
74025,57,99,156,0.36538461538461536
74031,67,113,180,0.37222222222222223
74032,115,151,266,0.4323308270676692
74033,144,130,274,0.5255474452554745
74034,140,137,277,0.5054151624548736
74035,18,94,112,0.16071428571428573
74036,67,50,117,0.5726495726495726
74037,78,39,117,0.6666666666666666
74038,43,105,148,0.2905405405405405
74039,121,109,230,0.5260869565217391
74040,144,139,283,0.508833922261484
74041,173,130,303,0.570957095709571
74042,114,152,266,0.42857142857142855
74043,150,175,325,0.46153846153846156
74044,108,119,227,0.47577092511013214
74045,193,126,319,0.6050156739811913
74046,113,118,231,0.48917748917748916
74047,103,161,264,0.39015151515151514
74048,135,94,229,0.5895196506550219
74049,138,93,231,0.5974025974025974
74050,137,112,249,0.5502008032128514
74051,118,87,205,0.5756097560975609
74052,79,95,174,0.4540229885057471
74053,121,62,183,0.6612021857923497
74054,103,65,168,0.6130952380952381
74055,72,18,90,0.8
74056,130,53,183,0.7103825136612022
74057,111,50,161,0.6894409937888198
74058,153,82,235,0.6510638297872341
74059,182,84,266,0.6842105263157895
74060,134,56,190,0.7052631578947368
74061,141,75,216,0.6527777777777778
74062,131,64,195,0.6717948717948717
74063,71,59,130,0.5461538461538461
74064,90,64,154,0.5844155844155844
74065,94,53,147,0.6394557823129252
74066,91,84,175,0.52
74067,105,85,190,0.5526315789473685
74068,107,75,182,0.5879120879120879
74069,45,66,111,0.40540540540540543
74070,86,59,145,0.593103448275862
74071,79,69,148,0.5337837837837838
74072,58,45,103,0.5631067961165048
74073,143,82,225,0.6355555555555555
74074,107,111,218,0.4908256880733945
74075,126,120,246,0.5121951219512195
74076,83,132,215,0.386046511627907
74077,48,70,118,0.4067796610169492
74078,69,105,174,0.39655172413793105
74079,69,83,152,0.45394736842105265
74080,62,62,124,0.5
74081,35,20,55,0.6363636363636364
74082,90,43,133,0.6766917293233082
74083,86,127,213,0.40375586854460094
74084,75,82,157,0.47770700636942676
74085,37,21,58,0.6379310344827587
74086,53,30,83,0.6385542168674698
74087,118,52,170,0.6941176470588235
74088,114,87,201,0.5671641791044776
74089,57,117,174,0.3275862068965517
74090,65,83,148,0.4391891891891892
74091,99,74,173,0.5722543352601156
74092,141,135,276,0.5108695652173914
74098,130,74,204,0.6372549019607843
74099,96,126,222,0.43243243243243246
74100,79,81,160,0.49375
74101,77,42,119,0.6470588235294118
74102,50,34,84,0.5952380952380952
74103,76,69,145,0.5241379310344828
74104,99,73,172,0.5755813953488372
74105,141,157,298,0.47315436241610737
74106,111,44,155,0.7161290322580646
74107,62,37,99,0.6262626262626263
75001,145,68,213,0.6807511737089202
75002,178,86,264,0.6742424242424242
75003,81,70,151,0.5364238410596026
75004,136,99,235,0.5787234042553191
75005,79,57,136,0.5808823529411765
75006,180,102,282,0.6382978723404256
75007,158,83,241,0.6556016597510373
75008,92,40,132,0.696969696969697
75009,132,66,198,0.6666666666666666
75010,137,73,210,0.6523809523809524
75011,116,72,188,0.6170212765957447
75016,79,59,138,0.572463768115942
75017,120,66,186,0.6451612903225806
75018,84,50,134,0.6268656716417911
75019,127,65,192,0.6614583333333334
75027,72,38,110,0.6545454545454545
75028,125,81,206,0.6067961165048543
75029,96,60,156,0.6153846153846154
75030,89,48,137,0.6496350364963503
75031,89,70,159,0.559748427672956
75032,134,105,239,0.5606694560669456
75033,109,46,155,0.7032258064516129
75034,44,69,113,0.3893805309734513
75035,59,28,87,0.6781609195402298
75036,125,60,185,0.6756756756756757
75037,136,110,246,0.5528455284552846
75042,97,65,162,0.5987654320987654
75048,69,84,153,0.45098039215686275
75049,105,70,175,0.6
75050,80,41,121,0.6611570247933884
75051,50,38,88,0.5681818181818182
75052,96,68,164,0.5853658536585366
75053,102,53,155,0.6580645161290323
75054,84,46,130,0.6461538461538462
75055,88,66,154,0.5714285714285714
75056,87,69,156,0.5576923076923077
75057,54,36,90,0.6
75058,100,49,149,0.6711409395973155
75061,4,5,9,0.4444444444444444
75065,0,0,0,0
75068,68,46,114,0.5964912280701754
75074,53,54,107,0.4953271028037383
75075,55,61,116,0.47413793103448276
75076,62,50,112,0.5535714285714286
75087,112,60,172,0.6511627906976745
75088,106,57,163,0.6503067484662577
75089,47,24,71,0.6619718309859155
75090,62,28,90,0.6888888888888889
75091,73,38,111,0.6576576576576577
75092,85,47,132,0.6439393939393939
75109,83,44,127,0.6535433070866141
75110,106,74,180,0.5888888888888889
75113,126,84,210,0.6
76001,179,62,241,0.7427385892116183
76002,93,69,162,0.5740740740740741
76003,100,34,134,0.746268656716418
76004,98,27,125,0.784
76005,73,36,109,0.6697247706422018
76006,99,49,148,0.668918918918919
76007,104,83,187,0.5561497326203209
76008,88,47,135,0.6518518518518519
76009,54,39,93,0.5806451612903226
76010,126,95,221,0.5701357466063348
76011,90,68,158,0.569620253164557
76012,99,63,162,0.6111111111111112
76013,87,27,114,0.7631578947368421
76014,82,46,128,0.640625
76015,80,36,116,0.6896551724137931
76016,138,107,245,0.563265306122449
76017,102,80,182,0.5604395604395604
76018,98,68,166,0.5903614457831325
76019,62,49,111,0.5585585585585585
76020,107,75,182,0.5879120879120879
76021,139,76,215,0.6465116279069767
76022,76,43,119,0.6386554621848739
76023,65,41,106,0.6132075471698113
76024,94,63,157,0.5987261146496815
76025,134,90,224,0.5982142857142857
76026,121,62,183,0.6612021857923497
76027,122,81,203,0.6009852216748769
76028,124,71,195,0.6358974358974359
76029,66,60,126,0.5238095238095238
76030,52,57,109,0.47706422018348627
76031,86,67,153,0.5620915032679739
76032,84,66,150,0.56
76033,84,72,156,0.5384615384615384
76034,134,90,224,0.5982142857142857
76035,95,75,170,0.5588235294117647
76036,80,61,141,0.5673758865248227
76037,88,71,159,0.5534591194968553
76038,97,65,162,0.5987654320987654
76039,123,65,188,0.6542553191489362
76040,108,92,200,0.54
76041,141,97,238,0.592436974789916
76042,121,75,196,0.6173469387755102
76043,97,59,156,0.6217948717948718
76044,105,80,185,0.5675675675675675
76045,98,55,153,0.6405228758169934
76046,146,61,207,0.7053140096618358
76047,87,42,129,0.6744186046511628
76048,122,66,188,0.648936170212766
76049,144,84,228,0.631578947368421
76050,100,76,176,0.5681818181818182
76051,147,93,240,0.6125
76052,125,91,216,0.5787037037037037
76053,103,78,181,0.569060773480663
76054,173,87,260,0.6653846153846154
76055,100,92,192,0.5208333333333334
76056,81,63,144,0.5625
76057,133,82,215,0.6186046511627907
76058,152,52,204,0.7450980392156863
76059,166,67,233,0.7124463519313304
76060,159,56,215,0.7395348837209302
76061,111,63,174,0.6379310344827587
76062,151,62,213,0.7089201877934272
76063,102,47,149,0.6845637583892618
76064,130,46,176,0.7386363636363636
76065,152,63,215,0.7069767441860465
76066,152,74,226,0.672566371681416
76067,139,71,210,0.6619047619047619
76068,139,68,207,0.6714975845410628
76069,160,65,225,0.7111111111111111
76070,116,53,169,0.6863905325443787
76071,119,71,190,0.6263157894736842
76072,148,105,253,0.5849802371541502
76073,91,59,150,0.6066666666666667
76074,104,62,166,0.6265060240963856
76075,127,119,246,0.516260162601626
76076,180,71,251,0.7171314741035857
76077,148,79,227,0.6519823788546255
76078,144,39,183,0.7868852459016393
76079,150,85,235,0.6382978723404256
76080,158,81,239,0.6610878661087866
76081,102,56,158,0.6455696202531646
76082,106,45,151,0.7019867549668874
76083,153,111,264,0.5795454545454546
76084,96,124,220,0.43636363636363634
76085,72,123,195,0.36923076923076925
76086,67,80,147,0.4557823129251701
76087,36,19,55,0.6545454545454545
76088,96,103,199,0.4824120603015075
76089,81,39,120,0.675
76092,0,0,0,0
76094,0,0,0,0
76099,119,71,190,0.6263157894736842
76100,117,95,212,0.5518867924528302
76101,75,42,117,0.6410256410256411
76102,63,33,96,0.65625
76103,64,52,116,0.5517241379310345
50002,117,98,215,0.5441860465116279
50003,177,208,385,0.4597402597402597
50004,89,56,145,0.6137931034482759
50005,148,155,303,0.4884488448844885
50006,155,119,274,0.5656934306569343
50007,91,101,192,0.4739583333333333
50008,133,128,261,0.5095785440613027
50009,125,151,276,0.4528985507246377
50010,140,129,269,0.5204460966542751
50012,139,108,247,0.562753036437247
50015,89,87,176,0.5056818181818182
50016,9,147,156,0.057692307692307696
50017,44,145,189,0.2328042328042328
50018,78,119,197,0.39593908629441626
50019,124,140,264,0.4696969696969697
50020,134,121,255,0.5254901960784314
50021,145,162,307,0.4723127035830619
50022,74,116,190,0.3894736842105263
50025,32,35,67,0.47761194029850745
50026,173,124,297,0.5824915824915825
50027,168,161,329,0.5106382978723404
50028,172,142,314,0.5477707006369427
50029,133,115,248,0.5362903225806451
50030,145,124,269,0.5390334572490706
50031,125,105,230,0.5434782608695652
50032,166,124,290,0.5724137931034483
50033,171,154,325,0.5261538461538462
50034,148,105,253,0.5849802371541502
50035,138,136,274,0.5036496350364964
50036,107,77,184,0.5815217391304348
50037,153,117,270,0.5666666666666667
50038,131,114,245,0.5346938775510204
50039,121,89,210,0.5761904761904761
50040,130,118,248,0.5241935483870968
50041,140,115,255,0.5490196078431373
50042,128,134,262,0.48854961832061067
50043,102,102,204,0.5
50044,93,96,189,0.49206349206349204
50045,21,21,42,0.5
50046,105,131,236,0.4449152542372881
50095,142,133,275,0.5163636363636364
50096,130,127,257,0.5058365758754864
50097,99,112,211,0.46919431279620855
50101,105,75,180,0.5833333333333334
50102,42,35,77,0.5454545454545454
53006,27,34,61,0.4426229508196721
53019,116,119,235,0.49361702127659574
53020,113,140,253,0.44664031620553357
53033,134,119,253,0.5296442687747036
53034,129,127,256,0.50390625
53035,86,126,212,0.4056603773584906
53036,129,144,273,0.4725274725274725
53037,94,149,243,0.3868312757201646
30019,1,0,1,1.0
30038,97,128,225,0.4311111111111111
30056,103,113,216,0.47685185185185186
30064,66,68,134,0.4925373134328358
30066,96,132,228,0.42105263157894735
30067,80,101,181,0.4419889502762431
30068,93,134,227,0.40969162995594716
30069,99,127,226,0.43805309734513276
30071,0,0,0,0
30078,98,70,168,0.5833333333333334
30079,59,123,182,0.3241758241758242
36001,189,131,320,0.590625
36002,129,60,189,0.6825396825396826
36003,96,74,170,0.5647058823529412
36004,129,106,235,0.548936170212766
36005,100,94,194,0.5154639175257731
36006,148,107,255,0.5803921568627451
36007,112,76,188,0.5957446808510638
36008,139,129,268,0.5186567164179104
36009,60,59,119,0.5042016806722689
36010,95,133,228,0.4166666666666667
36011,61,132,193,0.3160621761658031
36012,116,118,234,0.49572649572649574
36013,88,125,213,0.4131455399061033
36014,84,107,191,0.4397905759162304
36015,115,129,244,0.4713114754098361
36016,129,112,241,0.5352697095435685
36017,141,128,269,0.5241635687732342
36018,174,108,282,0.6170212765957447
36019,137,124,261,0.524904214559387
36020,135,133,268,0.503731343283582
36021,141,128,269,0.5241635687732342
36022,172,128,300,0.5733333333333334
36023,98,74,172,0.5697674418604651
36024,102,109,211,0.4834123222748815
36025,109,94,203,0.5369458128078818
36045,120,105,225,0.5333333333333333
36049,168,99,267,0.6292134831460674
36052,138,164,302,0.45695364238410596
36064,142,148,290,0.4896551724137931
36065,51,43,94,0.5425531914893617
36066,100,91,191,0.5235602094240838
36072,127,118,245,0.5183673469387755
36073,188,165,353,0.5325779036827195
36074,86,107,193,0.44559585492227977
36075,89,87,176,0.5056818181818182
36076,109,141,250,0.436
36077,157,167,324,0.4845679012345679
36078,86,68,154,0.5584415584415584
37001,61,98,159,0.3836477987421384
37002,53,115,168,0.31547619047619047
37003,36,151,187,0.1925133689839572
37004,34,159,193,0.17616580310880828
37005,98,101,199,0.49246231155778897
37006,39,106,145,0.2689655172413793
37007,16,90,106,0.1509433962264151
37008,22,145,167,0.1317365269461078
37009,25,114,139,0.17985611510791366
37010,33,122,155,0.2129032258064516
37011,116,104,220,0.5272727272727272
37012,22,122,144,0.1527777777777778
37013,10,110,120,0.08333333333333333
37014,19,137,156,0.12179487179487179
37015,12,104,116,0.10344827586206896
37016,21,124,145,0.14482758620689656
37017,23,148,171,0.13450292397660818
37018,119,126,245,0.4857142857142857
37019,93,75,168,0.5535714285714286
37020,110,89,199,0.5527638190954773
37021,141,137,278,0.5071942446043165
37022,137,174,311,0.4405144694533762
37023,165,127,292,0.565068493150685
37024,288,214,502,0.5737051792828686
37025,7,18,25,0.28
37026,2,2,4,0.5
37040,0,0,0,0
37066,0,0,0,0
37070,0,0,0,0
37071,0,0,0,0
37075,103,110,213,0.4835680751173709
37076,56,87,143,0.3916083916083916
37078,132,192,324,0.4074074074074074
37079,187,130,317,0.5899053627760252
37080,134,112,246,0.5447154471544715
37081,145,81,226,0.6415929203539823
37088,20,50,70,0.2857142857142857
68016,27,93,120,0.225
68017,49,126,175,0.28
68018,35,115,150,0.23333333333333334
68019,19,79,98,0.19387755102040816
68020,39,29,68,0.5735294117647058
68021,24,107,131,0.183206106870229
68022,67,127,194,0.34536082474226804
68023,62,121,183,0.33879781420765026
68024,45,54,99,0.45454545454545453
68025,22,63,85,0.25882352941176473
68026,12,106,118,0.1016949152542373
68027,37,75,112,0.33035714285714285
68028,27,74,101,0.26732673267326734
68029,9,32,41,0.21951219512195122
68030,22,113,135,0.16296296296296298
68031,35,222,257,0.13618677042801555
68032,16,88,104,0.15384615384615385
68033,95,128,223,0.4260089686098655
68034,70,140,210,0.3333333333333333
68035,60,126,186,0.3225806451612903
68036,11,68,79,0.13924050632911392
68037,51,97,148,0.34459459459459457
68038,62,101,163,0.3803680981595092
68039,72,135,207,0.34782608695652173
68040,43,94,137,0.31386861313868614
68041,50,139,189,0.26455026455026454
68042,40,128,168,0.23809523809523808
68043,72,116,188,0.3829787234042553
68044,30,93,123,0.24390243902439024
68045,29,40,69,0.42028985507246375
68046,43,127,170,0.2529411764705882
68047,10,104,114,0.08771929824561403
68048,12,99,111,0.10810810810810811
68049,25,102,127,0.1968503937007874
68050,22,177,199,0.11055276381909548
68051,23,125,148,0.1554054054054054
68052,7,182,189,0.037037037037037035
68053,29,115,144,0.2013888888888889
68054,76,95,171,0.4444444444444444
68055,86,132,218,0.3944954128440367
68056,41,89,130,0.3153846153846154
68057,39,111,150,0.26
68058,23,101,124,0.18548387096774194
68059,20,97,117,0.17094017094017094
68060,21,117,138,0.15217391304347827
68061,27,100,127,0.2125984251968504
68062,49,66,115,0.4260869565217391
68063,17,97,114,0.14912280701754385
68064,24,64,88,0.2727272727272727
68065,16,89,105,0.1523809523809524
68066,16,132,148,0.10810810810810811
68067,12,66,78,0.15384615384615385
68068,19,79,98,0.19387755102040816
68069,14,102,116,0.1206896551724138
68070,13,55,68,0.19117647058823528
68071,66,106,172,0.38372093023255816
68072,46,97,143,0.32167832167832167
68073,48,100,148,0.32432432432432434
68074,53,115,168,0.31547619047619047
68075,52,79,131,0.3969465648854962
68076,42,92,134,0.31343283582089554
68077,24,59,83,0.2891566265060241
68078,101,108,209,0.48325358851674644
68079,63,114,177,0.3559322033898305
68080,150,162,312,0.4807692307692308
68081,16,35,51,0.3137254901960784
68082,102,208,310,0.32903225806451614
68083,47,169,216,0.2175925925925926
68084,6,88,94,0.06382978723404255
68085,30,122,152,0.19736842105263158
68086,32,61,93,0.34408602150537637
68087,39,110,149,0.26174496644295303
68088,15,90,105,0.14285714285714285
68089,30,132,162,0.18518518518518517
68090,21,118,139,0.1510791366906475
68091,16,93,109,0.14678899082568808
68092,21,87,108,0.19444444444444445
68093,17,119,136,0.125
68096,10,44,54,0.18518518518518517
68097,34,135,169,0.20118343195266272
68098,17,76,93,0.1827956989247312
68108,21,94,115,0.1826086956521739
68109,40,106,146,0.273972602739726
68110,20,49,69,0.2898550724637681
68113,12,31,43,0.27906976744186046
68114,7,46,53,0.1320754716981132
68115,2,73,75,0.02666666666666667
69053,19,98,117,0.1623931623931624
69054,69,80,149,0.46308724832214765
69055,96,101,197,0.4873096446700508
69056,24,76,100,0.24
69057,32,114,146,0.2191780821917808
69067,81,93,174,0.46551724137931033
69068,41,84,125,0.328
69069,155,130,285,0.543859649122807
69070,34,40,74,0.4594594594594595
69074,66,117,183,0.36065573770491804
69075,90,106,196,0.45918367346938777
69076,54,118,172,0.313953488372093
69080,53,81,134,0.39552238805970147
69081,92,175,267,0.3445692883895131
69082,84,85,169,0.4970414201183432
69083,30,185,215,0.13953488372093023
69089,21,144,165,0.12727272727272726
69098,121,90,211,0.5734597156398105
69099,198,155,353,0.5609065155807366
69100,82,99,181,0.4530386740331492
69101,11,125,136,0.08088235294117647
69102,11,150,161,0.06832298136645963
69108,90,116,206,0.4368932038834951
69109,49,64,113,0.4336283185840708
69114,12,41,53,0.22641509433962265
70001,56,48,104,0.5384615384615384
70002,67,98,165,0.40606060606060607
70003,49,112,161,0.30434782608695654
70004,49,97,146,0.3356164383561644
70005,77,108,185,0.41621621621621624
70006,97,114,211,0.4597156398104265
70007,98,129,227,0.43171806167400884
70008,74,125,199,0.37185929648241206
70009,103,124,227,0.45374449339207046
70010,59,105,164,0.3597560975609756
70011,103,120,223,0.4618834080717489
70012,90,139,229,0.3930131004366812
70013,48,130,178,0.2696629213483146
70014,94,139,233,0.4034334763948498
70015,64,107,171,0.3742690058479532
70016,35,122,157,0.2229299363057325
70017,51,77,128,0.3984375
70018,39,76,115,0.3391304347826087
70019,122,145,267,0.45692883895131087
70020,101,101,202,0.5
70021,103,129,232,0.44396551724137934
70022,96,134,230,0.41739130434782606
70023,117,140,257,0.45525291828793774
70024,96,108,204,0.47058823529411764
70025,25,112,137,0.18248175182481752
70026,101,172,273,0.36996336996337
70027,42,127,169,0.2485207100591716
70028,43,95,138,0.3115942028985507
70029,55,142,197,0.27918781725888325
70030,31,70,101,0.3069306930693069
70031,20,110,130,0.15384615384615385
70032,35,93,128,0.2734375
70033,82,108,190,0.43157894736842106
70034,70,164,234,0.29914529914529914
70035,102,161,263,0.38783269961977185
70036,59,183,242,0.24380165289256198
70037,36,101,137,0.26277372262773724
70038,25,87,112,0.22321428571428573
70039,14,72,86,0.16279069767441862
70040,100,229,329,0.303951367781155
70041,107,210,317,0.33753943217665616
70042,69,180,249,0.27710843373493976
70043,80,173,253,0.31620553359683795
70044,87,181,268,0.3246268656716418
70045,46,149,195,0.2358974358974359
70046,79,247,326,0.24233128834355827
70047,41,201,242,0.16942148760330578
70048,33,117,150,0.22
70049,43,87,130,0.33076923076923076
70050,132,179,311,0.42443729903536975
70051,51,74,125,0.408
70052,89,147,236,0.3771186440677966
70053,84,150,234,0.358974358974359
70054,72,256,328,0.21951219512195122
70055,71,154,225,0.31555555555555553
70056,41,103,144,0.2847222222222222
70057,45,120,165,0.2727272727272727
70058,48,139,187,0.25668449197860965
70059,30,105,135,0.2222222222222222
70060,19,95,114,0.16666666666666666
70061,17,108,125,0.136
70062,59,135,194,0.30412371134020616
70063,83,119,202,0.41089108910891087
70066,89,84,173,0.5144508670520231
70067,71,37,108,0.6574074074074074
70068,125,83,208,0.6009615384615384
70069,23,51,74,0.3108108108108108
70070,29,50,79,0.3670886075949367
70071,50,158,208,0.2403846153846154
70072,44,167,211,0.20853080568720378
70073,47,152,199,0.23618090452261306
70074,120,168,288,0.4166666666666667
70075,66,143,209,0.3157894736842105
70076,29,146,175,0.1657142857142857
70077,13,111,124,0.10483870967741936
70078,27,97,124,0.21774193548387097
70079,23,55,78,0.2948717948717949
70080,53,123,176,0.30113636363636365
70081,48,91,139,0.34532374100719426
70082,43,82,125,0.344
70083,67,58,125,0.536
70084,29,46,75,0.38666666666666666
70085,70,143,213,0.3286384976525822
70086,42,139,181,0.23204419889502761
70087,37,78,115,0.3217391304347826
70088,78,102,180,0.43333333333333335
70089,118,94,212,0.5566037735849056
70090,45,47,92,0.4891304347826087
70091,26,63,89,0.29213483146067415
70092,70,102,172,0.4069767441860465
70093,68,122,190,0.35789473684210527
70098,84,140,224,0.375
70099,27,80,107,0.2523364485981308
70100,68,138,206,0.3300970873786408
70101,61,109,170,0.3588235294117647
70102,57,147,204,0.27941176470588236
70103,81,89,170,0.4764705882352941
70104,62,49,111,0.5585585585585585
70105,104,118,222,0.46846846846846846
70106,62,109,171,0.36257309941520466
70107,58,64,122,0.47540983606557374
70108,92,116,208,0.4423076923076923
70109,32,76,108,0.2962962962962963
70110,82,117,199,0.4120603015075377
70111,30,50,80,0.375
71001,47,125,172,0.27325581395348836
71002,51,125,176,0.2897727272727273
71003,63,43,106,0.5943396226415094
71004,43,87,130,0.33076923076923076
71005,50,92,142,0.352112676056338
71006,69,140,209,0.33014354066985646
71007,43,97,140,0.30714285714285716
71008,58,148,206,0.2815533980582524
71009,109,116,225,0.48444444444444446
71010,135,103,238,0.5672268907563025
71011,36,135,171,0.21052631578947367
71012,93,121,214,0.43457943925233644
71013,49,113,162,0.30246913580246915
71014,34,135,169,0.20118343195266272
71015,25,97,122,0.20491803278688525
71016,28,118,146,0.1917808219178082
71017,16,104,120,0.13333333333333333
71018,58,277,335,0.17313432835820897
71019,44,354,398,0.11055276381909548
71020,56,329,385,0.14545454545454545
71021,60,129,189,0.31746031746031744
71022,34,156,190,0.17894736842105263
71023,33,161,194,0.17010309278350516
71024,76,94,170,0.4470588235294118
71025,36,106,142,0.2535211267605634
71026,80,148,228,0.3508771929824561
71027,47,120,167,0.281437125748503
71028,53,124,177,0.2994350282485876
71029,72,108,180,0.4
71030,51,124,175,0.2914285714285714
71031,111,159,270,0.4111111111111111
71032,81,155,236,0.3432203389830508
71033,90,148,238,0.37815126050420167
71034,64,147,211,0.3033175355450237
71035,59,135,194,0.30412371134020616
71036,60,121,181,0.3314917127071823
71037,32,102,134,0.23880597014925373
71038,39,156,195,0.2
71039,54,111,165,0.32727272727272727
71040,90,165,255,0.35294117647058826
71041,108,203,311,0.34726688102893893
71042,64,126,190,0.3368421052631579
71043,29,119,148,0.19594594594594594
71044,80,148,228,0.3508771929824561
71045,42,127,169,0.2485207100591716
71046,63,143,206,0.3058252427184466
71047,76,194,270,0.2814814814814815
71048,34,155,189,0.17989417989417988
71049,57,142,199,0.2864321608040201
71050,41,86,127,0.3228346456692913
71051,6,35,41,0.14634146341463414
71052,35,113,148,0.23648648648648649
71053,37,73,110,0.33636363636363636
71054,46,102,148,0.3108108108108108
71055,30,107,137,0.21897810218978103
71056,23,82,105,0.21904761904761905
71057,39,82,121,0.32231404958677684
71058,31,114,145,0.21379310344827587
71059,36,107,143,0.2517482517482518
71060,38,103,141,0.2695035460992908
71061,58,66,124,0.46774193548387094
71062,27,71,98,0.2755102040816326
71063,75,95,170,0.4411764705882353
71064,57,88,145,0.3931034482758621
71065,103,111,214,0.48130841121495327
71066,57,140,197,0.2893401015228426
71067,45,98,143,0.3146853146853147
71068,19,169,188,0.10106382978723404
71069,49,70,119,0.4117647058823529
71070,57,114,171,0.3333333333333333
71071,52,138,190,0.2736842105263158
71072,38,98,136,0.27941176470588236
71073,98,134,232,0.4224137931034483
71074,77,137,214,0.3598130841121495
71075,51,128,179,0.2849162011173184
71076,118,136,254,0.4645669291338583
71077,131,154,285,0.45964912280701753
71078,151,112,263,0.5741444866920152
71079,156,141,297,0.5252525252525253
71080,97,75,172,0.563953488372093
71081,122,118,240,0.5083333333333333
71082,105,127,232,0.4525862068965517
71083,251,126,377,0.6657824933687002
71084,105,60,165,0.6363636363636364
71085,157,95,252,0.623015873015873
71086,13,18,31,0.41935483870967744
71087,16,136,152,0.10526315789473684
71088,19,88,107,0.17757009345794392
71089,14,156,170,0.08235294117647059
71090,29,154,183,0.15846994535519127
71091,18,104,122,0.14754098360655737
71092,91,123,214,0.4252336448598131
71093,60,84,144,0.4166666666666667
71097,97,150,247,0.39271255060728744
71098,73,86,159,0.4591194968553459
71099,45,73,118,0.3813559322033898
71100,36,89,125,0.288
71101,25,75,100,0.25
71102,49,147,196,0.25
71103,34,82,116,0.29310344827586204
71104,45,72,117,0.38461538461538464
71105,63,98,161,0.391304347826087
71106,39,46,85,0.4588235294117647
71107,53,101,154,0.34415584415584416
71108,16,88,104,0.15384615384615385
71109,33,114,147,0.22448979591836735
72001,45,104,149,0.30201342281879195
72002,29,147,176,0.16477272727272727
72003,33,74,107,0.308411214953271
72004,46,96,142,0.323943661971831
72005,30,66,96,0.3125
72006,23,52,75,0.30666666666666664
72007,12,64,76,0.15789473684210525
72008,49,82,131,0.37404580152671757
72009,33,104,137,0.24087591240875914
72010,41,103,144,0.2847222222222222
72011,13,71,84,0.15476190476190477
72012,35,99,134,0.26119402985074625
72013,20,59,79,0.25316455696202533
72014,25,90,115,0.21739130434782608
72015,29,118,147,0.19727891156462585
72016,36,117,153,0.23529411764705882
72017,38,114,152,0.25
72018,98,85,183,0.5355191256830601
72019,88,120,208,0.4230769230769231
72020,22,72,94,0.23404255319148937
72021,33,172,205,0.16097560975609757
72022,34,110,144,0.2361111111111111
72023,29,89,118,0.2457627118644068
72024,41,79,120,0.3416666666666667
72025,28,58,86,0.32558139534883723
72026,61,149,210,0.2904761904761905
72027,69,81,150,0.46
72028,28,106,134,0.208955223880597
72029,32,126,158,0.20253164556962025
72030,41,100,141,0.2907801418439716
72031,19,36,55,0.34545454545454546
72032,47,78,125,0.376
72033,19,64,83,0.2289156626506024
72034,21,62,83,0.25301204819277107
72035,29,75,104,0.27884615384615385
72036,70,101,171,0.4093567251461988
72037,55,72,127,0.4330708661417323
72038,153,117,270,0.5666666666666667
72039,80,100,180,0.4444444444444444
72040,90,160,250,0.36
72041,62,126,188,0.32978723404255317
72042,104,126,230,0.45217391304347826
72043,61,160,221,0.27601809954751133
72044,42,113,155,0.2709677419354839
72045,31,109,140,0.22142857142857142
72046,106,97,203,0.5221674876847291
72047,42,104,146,0.2876712328767123
72048,41,114,155,0.2645161290322581
72049,38,100,138,0.2753623188405797
72050,24,91,115,0.20869565217391303
72051,24,98,122,0.19672131147540983
72052,49,148,197,0.24873096446700507
72053,24,87,111,0.21621621621621623
72054,47,145,192,0.24479166666666666
72055,54,133,187,0.2887700534759358
72056,39,132,171,0.22807017543859648
72057,135,122,257,0.5252918287937743
72058,151,148,299,0.5050167224080268
72059,84,148,232,0.3620689655172414
72060,124,125,249,0.4979919678714859
72061,48,84,132,0.36363636363636365
72062,25,114,139,0.17985611510791366
72063,62,110,172,0.36046511627906974
72064,143,100,243,0.588477366255144
72065,54,153,207,0.2608695652173913
72066,108,119,227,0.47577092511013214
72067,186,115,301,0.6179401993355482
72068,257,146,403,0.6377171215880894
72069,173,95,268,0.6455223880597015
72070,103,151,254,0.40551181102362205
72071,10,157,167,0.059880239520958084
72072,12,12,24,0.5
72073,87,76,163,0.5337423312883436
72074,75,103,178,0.42134831460674155
72075,42,170,212,0.19811320754716982
72076,34,107,141,0.24113475177304963
72077,31,85,116,0.2672413793103448
72078,47,96,143,0.32867132867132864
72079,28,96,124,0.22580645161290322
72080,0,0,0,0
72084,0,0,0,0
72086,29,97,126,0.23015873015873015
72087,20,90,110,0.18181818181818182
72088,37,74,111,0.3333333333333333
72089,33,134,167,0.19760479041916168
72090,51,94,145,0.35172413793103446
72091,92,111,203,0.45320197044334976
72092,54,110,164,0.32926829268292684
72093,36,99,135,0.26666666666666666
72094,39,108,147,0.2653061224489796
72095,48,70,118,0.4067796610169492
72096,16,72,88,0.18181818181818182
72097,18,62,80,0.225
77023,31,135,166,0.18674698795180722
77024,16,123,139,0.11510791366906475
77025,40,115,155,0.25806451612903225
77026,22,79,101,0.21782178217821782
77027,16,166,182,0.08791208791208792
77028,24,158,182,0.13186813186813187
77029,20,34,54,0.37037037037037035
77030,28,63,91,0.3076923076923077
77081,35,119,154,0.22727272727272727
78013,33,114,147,0.22448979591836735
78014,25,119,144,0.1736111111111111
78015,21,58,79,0.26582278481012656
78016,30,87,117,0.2564102564102564
78017,13,88,101,0.12871287128712872
78018,22,75,97,0.2268041237113402
78019,24,75,99,0.24242424242424243
78020,23,69,92,0.25
78021,18,52,70,0.2571428571428571
78022,27,53,80,0.3375
78023,25,96,121,0.2066115702479339
78024,23,83,106,0.2169811320754717
78025,39,70,109,0.3577981651376147
78026,27,89,116,0.23275862068965517
78027,18,89,107,0.16822429906542055
78028,19,84,103,0.18446601941747573
78029,17,106,123,0.13821138211382114
78030,15,66,81,0.18518518518518517
78031,24,114,138,0.17391304347826086
78032,30,112,142,0.2112676056338028
78033,86,118,204,0.4215686274509804
78034,42,94,136,0.3088235294117647
78035,18,31,49,0.3673469387755102
78036,23,117,140,0.16428571428571428
78038,41,129,170,0.2411764705882353
78044,40,101,141,0.28368794326241137
78045,16,64,80,0.2
78046,11,69,80,0.1375
78047,35,105,140,0.25
78048,111,223,334,0.3323353293413174
78049,63,144,207,0.30434782608695654
78050,46,88,134,0.34328358208955223
78051,26,79,105,0.24761904761904763
78052,16,78,94,0.1702127659574468
78053,35,68,103,0.33980582524271846
78054,21,83,104,0.20192307692307693
78059,17,72,89,0.19101123595505617
78060,31,106,137,0.22627737226277372
78061,30,65,95,0.3157894736842105
78065,39,55,94,0.4148936170212766
78066,18,16,34,0.5294117647058824
78067,22,93,115,0.19130434782608696
78068,6,36,42,0.14285714285714285
78071,24,75,99,0.24242424242424243
78072,15,48,63,0.23809523809523808
78073,21,68,89,0.23595505617977527
80054,9,36,45,0.2
80056,32,212,244,0.13114754098360656
80065,32,238,270,0.11851851851851852
80076,14,141,155,0.09032258064516129
80077,21,82,103,0.20388349514563106
80078,37,135,172,0.21511627906976744
80079,38,81,119,0.31932773109243695
80080,53,124,177,0.2994350282485876
80081,28,91,119,0.23529411764705882
80082,19,65,84,0.2261904761904762
80083,51,106,157,0.3248407643312102
80084,30,113,143,0.2097902097902098
80085,26,93,119,0.2184873949579832
80086,20,71,91,0.21978021978021978
80087,20,50,70,0.2857142857142857
80089,0,0,0,0
80094,48,108,156,0.3076923076923077
80095,40,87,127,0.31496062992125984
81001,33,41,74,0.44594594594594594
81002,17,87,104,0.16346153846153846
81003,28,111,139,0.2014388489208633
81004,23,93,116,0.19827586206896552
81005,34,133,167,0.20359281437125748
81006,36,139,175,0.2057142857142857
81007,38,93,131,0.2900763358778626
81008,11,85,96,0.11458333333333333
81009,28,36,64,0.4375
81010,22,39,61,0.36065573770491804
81012,57,144,201,0.2835820895522388
81013,18,73,91,0.1978021978021978
81014,90,101,191,0.4712041884816754
81015,105,136,241,0.43568464730290457
81033,51,138,189,0.2698412698412698
81034,91,164,255,0.3568627450980392
81035,79,166,245,0.3224489795918367
81036,56,85,141,0.3971631205673759
81037,84,97,181,0.46408839779005523
81038,28,160,188,0.14893617021276595
81039,25,60,85,0.29411764705882354
81040,31,135,166,0.18674698795180722
81041,96,128,224,0.42857142857142855
81042,27,49,76,0.35526315789473684
81046,19,47,66,0.2878787878787879
81092,21,116,137,0.15328467153284672
81093,28,85,113,0.24778761061946902
81094,24,90,114,0.21052631578947367
81095,16,37,53,0.3018867924528302
81096,46,63,109,0.42201834862385323
81097,52,132,184,0.2826086956521739
81098,50,66,116,0.43103448275862066
81099,61,110,171,0.3567251461988304
81100,23,104,127,0.18110236220472442
81104,0,0,0,0
86018,10,110,120,0.08333333333333333
86019,48,136,184,0.2608695652173913
86020,37,129,166,0.22289156626506024
86061,6,0,6,1.0
78037,11,8,19,0.5789473684210527
78040,64,170,234,0.27350427350427353
78041,68,204,272,0.25
78055,0,0,0,0
78056,0,0,0,0
80001,32,77,109,0.29357798165137616
80002,86,69,155,0.5548387096774193
80003,53,96,149,0.35570469798657717
80004,23,71,94,0.24468085106382978
80006,50,49,99,0.5050505050505051
80007,26,64,90,0.28888888888888886
80008,14,62,76,0.18421052631578946
80009,24,63,87,0.27586206896551724
80010,40,78,118,0.3389830508474576
80011,6,28,34,0.17647058823529413
80012,14,47,61,0.22950819672131148
80013,21,83,104,0.20192307692307693
80014,32,89,121,0.2644628099173554
80015,27,48,75,0.36
80016,58,183,241,0.24066390041493776
80017,69,96,165,0.41818181818181815
80018,16,53,69,0.2318840579710145
80019,17,35,52,0.3269230769230769
80020,59,90,149,0.3959731543624161
80021,46,168,214,0.21495327102803738
80022,52,151,203,0.2561576354679803
80023,59,12,71,0.8309859154929577
80024,47,11,58,0.8103448275862069
80025,52,2,54,0.9629629629629629
80026,40,77,117,0.3418803418803419
80027,39,51,90,0.43333333333333335
80028,40,65,105,0.38095238095238093
80030,44,73,117,0.37606837606837606
80031,48,133,181,0.26519337016574585
80032,38,54,92,0.41304347826086957
80034,30,55,85,0.35294117647058826
80035,35,45,80,0.4375
80036,48,99,147,0.32653061224489793
80037,29,58,87,0.3333333333333333
80038,31,59,90,0.34444444444444444
80039,68,111,179,0.37988826815642457
80040,10,77,87,0.11494252873563218
80041,39,140,179,0.21787709497206703
80042,17,117,134,0.12686567164179105
80043,33,72,105,0.3142857142857143
80044,19,65,84,0.2261904761904762
80045,30,102,132,0.22727272727272727
80046,14,55,69,0.2028985507246377
80047,28,102,130,0.2153846153846154
80048,51,145,196,0.2602040816326531
80050,23,64,87,0.26436781609195403
80051,25,61,86,0.29069767441860467
80052,32,114,146,0.2191780821917808
80053,32,74,106,0.3018867924528302
80055,43,127,170,0.2529411764705882
80057,6,56,62,0.0967741935483871
80058,59,127,186,0.3172043010752688
80066,58,23,81,0.7160493827160493
80067,44,102,146,0.3013698630136986
80068,45,77,122,0.36885245901639346
80069,24,82,106,0.22641509433962265
80070,25,115,140,0.17857142857142858
80071,16,135,151,0.10596026490066225
80074,33,123,156,0.21153846153846154
80075,2,11,13,0.15384615384615385
80088,0,0,0,0
80093,35,3,38,0.9210526315789473
82001,45,97,142,0.31690140845070425
82002,38,89,127,0.2992125984251969
82003,16,62,78,0.20512820512820512
82004,39,84,123,0.3170731707317073
82005,39,129,168,0.23214285714285715
82006,35,86,121,0.2892561983471074
82007,28,111,139,0.2014388489208633
82008,70,142,212,0.330188679245283
82009,56,125,181,0.30939226519337015
82010,37,139,176,0.21022727272727273
82011,32,111,143,0.22377622377622378
82012,12,68,80,0.15
82013,33,90,123,0.2682926829268293
82014,16,38,54,0.2962962962962963
82015,36,160,196,0.1836734693877551
82016,52,112,164,0.3170731707317073
82017,46,114,160,0.2875
82018,25,68,93,0.26881720430107525
82019,25,52,77,0.3246753246753247
82020,25,57,82,0.3048780487804878
82021,36,65,101,0.3564356435643564
82022,52,106,158,0.3291139240506329
82023,39,96,135,0.28888888888888886
82024,68,96,164,0.4146341463414634
82025,34,105,139,0.2446043165467626
82026,0,0,0,0
82027,26,96,122,0.21311475409836064
82028,59,109,168,0.35119047619047616
82029,12,25,37,0.32432432432432434
82030,52,142,194,0.26804123711340205
82031,35,174,209,0.1674641148325359
82032,45,84,129,0.3488372093023256
82033,60,75,135,0.4444444444444444
82034,41,60,101,0.40594059405940597
82035,53,112,165,0.3212121212121212
82036,65,118,183,0.3551912568306011
82037,49,114,163,0.3006134969325153
82038,56,168,224,0.25
82039,53,73,126,0.42063492063492064
82040,28,59,87,0.3218390804597701
82041,41,75,116,0.35344827586206895
82042,24,52,76,0.3157894736842105
82043,29,66,95,0.30526315789473685
82044,30,80,110,0.2727272727272727
82045,29,61,90,0.32222222222222224
82046,48,63,111,0.43243243243243246
82047,30,54,84,0.35714285714285715
82048,25,73,98,0.25510204081632654
82049,27,93,120,0.225
82050,54,81,135,0.4
82051,51,111,162,0.3148148148148148
82052,73,101,174,0.41954022988505746
82053,55,98,153,0.35947712418300654
82055,18,86,104,0.17307692307692307
82056,42,71,113,0.37168141592920356
82057,50,46,96,0.5208333333333334
82058,50,67,117,0.42735042735042733
82059,11,19,30,0.36666666666666664
82060,61,84,145,0.4206896551724138
82061,102,102,204,0.5
82062,64,82,146,0.4383561643835616
82063,52,58,110,0.4727272727272727
82064,53,134,187,0.28342245989304815
82107,14,45,59,0.23728813559322035
82108,0,0,0,0
82114,0,0,0,0
82115,0,0,0,0
82116,0,0,0,0
82119,41,66,107,0.38317757009345793
85035,0,0,0,0
87018,47,76,123,0.3821138211382114
87019,20,83,103,0.1941747572815534
87020,47,102,149,0.31543624161073824
87043,0,0,0,0
87044,13,25,38,0.34210526315789475
87045,7,16,23,0.30434782608695654
87046,33,79,112,0.29464285714285715
87047,74,199,273,0.27106227106227104
87048,65,157,222,0.2927927927927928
87049,84,110,194,0.4329896907216495
87050,67,133,200,0.335
87051,42,176,218,0.1926605504587156
87052,84,143,227,0.3700440528634361
87053,106,126,232,0.45689655172413796
87054,79,362,441,0.17913832199546487
87055,86,181,267,0.32209737827715357
87056,104,167,271,0.3837638376383764
87057,74,147,221,0.334841628959276
87058,54,166,220,0.24545454545454545
87059,72,120,192,0.375
87060,91,107,198,0.4595959595959596
87061,116,172,288,0.4027777777777778
87062,47,105,152,0.3092105263157895
87064,0,48,48,0.0
87065,19,66,85,0.2235294117647059
87066,34,145,179,0.18994413407821228
87067,38,111,149,0.2550335570469799
87068,54,114,168,0.32142857142857145
87069,35,99,134,0.26119402985074625
87094,0,0,0,0
87099,46,205,251,0.18326693227091634
87100,37,95,132,0.2803030303030303
87101,58,93,151,0.3841059602649007
26001,17,19,36,0.4722222222222222
27057,14,28,42,0.3333333333333333
27058,0,0,0,0
27059,26,60,86,0.3023255813953488
27060,24,49,73,0.3287671232876712
27061,29,102,131,0.22137404580152673
27062,35,52,87,0.40229885057471265
27063,33,69,102,0.3235294117647059
27064,40,72,112,0.35714285714285715
27065,41,48,89,0.4606741573033708
27066,46,89,135,0.34074074074074073
27067,32,59,91,0.3516483516483517
27068,43,76,119,0.36134453781512604
27073,0,0,0,0
27074,0,0,0,0
27077,0,0,0,0
27081,36,80,116,0.3103448275862069
27087,28,58,86,0.32558139534883723
30036,40,59,99,0.40404040404040403
30037,57,96,153,0.37254901960784315
30039,64,192,256,0.25
30040,21,115,136,0.15441176470588236
30041,21,57,78,0.2692307692307692
30042,44,115,159,0.27672955974842767
30043,50,97,147,0.3401360544217687
30044,41,129,170,0.2411764705882353
30045,62,119,181,0.3425414364640884
30046,101,138,239,0.4225941422594142
30047,63,163,226,0.27876106194690264
30048,123,167,290,0.4241379310344828
30049,116,137,253,0.45849802371541504
30050,135,159,294,0.45918367346938777
30051,63,114,177,0.3559322033898305
30052,51,115,166,0.3072289156626506
30053,35,98,133,0.2631578947368421
30054,4,11,15,0.26666666666666666
30055,60,97,157,0.3821656050955414
30057,19,98,117,0.1623931623931624
30058,46,95,141,0.3262411347517731
30059,30,153,183,0.16393442622950818
30060,122,101,223,0.547085201793722
30061,57,128,185,0.3081081081081081
30062,83,92,175,0.4742857142857143
30063,75,61,136,0.5514705882352942
30065,112,100,212,0.5283018867924528
30075,18,44,62,0.2903225806451613
30076,120,166,286,0.4195804195804196
30077,85,123,208,0.40865384615384615
30080,54,70,124,0.43548387096774194
30081,52,115,167,0.31137724550898205
30082,54,134,188,0.2872340425531915
34001,27,101,128,0.2109375
34002,37,105,142,0.2605633802816901
34003,24,147,171,0.14035087719298245
34004,30,118,148,0.20270270270270271
34005,40,130,170,0.23529411764705882
34006,39,84,123,0.3170731707317073
34007,37,80,117,0.3162393162393162
34008,75,177,252,0.2976190476190476
34009,43,179,222,0.19369369369369369
34010,55,98,153,0.35947712418300654
34011,35,76,111,0.3153153153153153
34012,28,120,148,0.1891891891891892
34013,41,148,189,0.21693121693121692
34014,46,134,180,0.25555555555555554
34015,86,164,250,0.344
34016,156,175,331,0.47129909365558914
34017,85,145,230,0.3695652173913043
34018,38,74,112,0.3392857142857143
34019,103,164,267,0.3857677902621723
34020,74,101,175,0.4228571428571429
34021,56,90,146,0.3835616438356164
34022,137,187,324,0.4228395061728395
34023,69,167,236,0.2923728813559322
34024,105,165,270,0.3888888888888889
34025,171,167,338,0.5059171597633136
34026,102,147,249,0.40963855421686746
34027,113,115,228,0.4956140350877193
34028,95,76,171,0.5555555555555556
34029,66,94,160,0.4125
34031,42,27,69,0.6086956521739131
34032,13,20,33,0.3939393939393939
34033,10,18,28,0.35714285714285715
34034,5,25,30,0.16666666666666666
34035,52,109,161,0.32298136645962733
34036,112,94,206,0.5436893203883495
34037,75,83,158,0.47468354430379744
34038,58,110,168,0.34523809523809523
34039,48,89,137,0.35036496350364965
34040,46,93,139,0.33093525179856115
34041,27,117,144,0.1875
34042,31,82,113,0.2743362831858407
34043,27,36,63,0.42857142857142855
34044,31,39,70,0.44285714285714284
34045,53,111,164,0.3231707317073171
34046,51,87,138,0.3695652173913043
34047,2,6,8,0.25
34048,24,49,73,0.3287671232876712
34049,55,96,151,0.36423841059602646
34050,55,97,152,0.3618421052631579
34051,54,96,150,0.36
34052,52,81,133,0.39097744360902253
34053,7,7,14,0.5
34054,0,0,0,0
34056,10,13,23,0.43478260869565216
34063,191,216,407,0.4692874692874693
34065,32,164,196,0.16326530612244897
34066,40,131,171,0.23391812865497075
34067,51,93,144,0.3541666666666667
34068,137,166,303,0.4521452145214521
34069,61,175,236,0.2584745762711864
34070,17,30,47,0.3617021276595745
34071,55,91,146,0.3767123287671233
34072,91,166,257,0.3540856031128405
34073,40,75,115,0.34782608695652173
35013,30,93,123,0.24390243902439024
35014,14,67,81,0.1728395061728395
35015,44,154,198,0.2222222222222222
35016,68,131,199,0.3417085427135678
35017,52,200,252,0.20634920634920634
35018,64,240,304,0.21052631578947367
35019,41,132,173,0.23699421965317918
35020,77,245,322,0.2391304347826087
35021,54,134,188,0.2872340425531915
35022,75,163,238,0.31512605042016806
35025,65,209,274,0.23722627737226276
35028,28,55,83,0.3373493975903614
35029,1,2,3,0.3333333333333333
35031,0,0,0,0
35032,74,150,224,0.33035714285714285
35034,0,0,0,0
35035,44,20,64,0.6875
35037,30,95,125,0.24
35038,61,212,273,0.22344322344322345
35039,29,78,107,0.27102803738317754
35040,39,73,112,0.3482142857142857
35041,42,117,159,0.2641509433962264
35042,39,142,181,0.2154696132596685
35043,59,126,185,0.31891891891891894
35044,48,135,183,0.26229508196721313
35045,47,112,159,0.29559748427672955
35046,45,144,189,0.23809523809523808
35047,49,176,225,0.21777777777777776
35048,63,220,283,0.2226148409893993
35049,41,73,114,0.35964912280701755
35050,54,100,154,0.35064935064935066
35051,47,127,174,0.27011494252873564
35052,53,149,202,0.2623762376237624
35053,40,216,256,0.15625
35056,0,0,0,0
35057,0,0,0,0
35059,0,0,0,0
35060,0,0,0,0
35061,0,0,0,0
35065,50,95,145,0.3448275862068966
35066,65,154,219,0.2968036529680365
36026,116,94,210,0.5523809523809524
36027,117,140,257,0.45525291828793774
36028,103,90,193,0.533678756476684
36029,98,88,186,0.5268817204301075
36030,107,92,199,0.5376884422110553
36031,94,154,248,0.3790322580645161
36032,120,122,242,0.49586776859504134
36033,88,87,175,0.5028571428571429
36034,116,120,236,0.4915254237288136
36035,126,121,247,0.5101214574898786
36036,174,172,346,0.5028901734104047
36037,122,132,254,0.48031496062992124
36038,109,125,234,0.4658119658119658
36039,156,141,297,0.5252525252525253
36040,160,167,327,0.4892966360856269
36041,121,177,298,0.40604026845637586
36042,96,163,259,0.37065637065637064
36043,13,19,32,0.40625
36044,10,18,28,0.35714285714285715
36046,37,79,116,0.31896551724137934
36047,46,97,143,0.32167832167832167
36048,52,95,147,0.35374149659863946
36050,4,34,38,0.10526315789473684
36051,12,19,31,0.3870967741935484
36053,128,112,240,0.5333333333333333
36054,97,115,212,0.45754716981132076
36055,110,153,263,0.41825095057034223
36056,108,107,215,0.5023255813953489
36057,113,100,213,0.5305164319248826
36058,110,100,210,0.5238095238095238
36059,129,121,250,0.516
36060,85,89,174,0.4885057471264368
36061,79,159,238,0.3319327731092437
36062,60,126,186,0.3225806451612903
36063,44,137,181,0.2430939226519337
36067,113,131,244,0.46311475409836067
36068,0,0,0,0
36069,0,0,0,0
36070,0,0,0,0
36071,0,0,0,0
36079,63,99,162,0.3888888888888889
36080,85,121,206,0.41262135922330095
36081,157,130,287,0.5470383275261324
36082,116,118,234,0.49572649572649574
36083,38,83,121,0.3140495867768595
37027,171,213,384,0.4453125
37028,163,200,363,0.4490358126721763
37029,132,192,324,0.4074074074074074
37030,86,157,243,0.35390946502057613
37031,120,162,282,0.425531914893617
37032,97,183,280,0.3464285714285714
37033,61,156,217,0.28110599078341014
37034,22,179,201,0.10945273631840796
37035,22,159,181,0.12154696132596685
37036,121,169,290,0.41724137931034483
37037,146,168,314,0.46496815286624205
37038,116,173,289,0.4013840830449827
37039,95,166,261,0.36398467432950193
37063,69,145,214,0.32242990654205606
37064,130,176,306,0.42483660130718953
37065,70,118,188,0.3723404255319149
37077,78,166,244,0.319672131147541
37082,118,155,273,0.43223443223443225
37083,143,165,308,0.4642857142857143
39001,26,95,121,0.21487603305785125
39002,25,51,76,0.32894736842105265
39003,12,75,87,0.13793103448275862
39004,14,119,133,0.10526315789473684
39005,21,121,142,0.14788732394366197
39006,14,81,95,0.14736842105263157
39007,31,141,172,0.18023255813953487
39008,21,104,125,0.168
39009,30,122,152,0.19736842105263158
39010,28,94,122,0.22950819672131148
39011,35,102,137,0.25547445255474455
39012,30,101,131,0.22900763358778625
39013,40,115,155,0.25806451612903225
39014,44,84,128,0.34375
39015,60,142,202,0.297029702970297
39016,25,138,163,0.15337423312883436
39017,43,175,218,0.19724770642201836
39018,92,177,269,0.3420074349442379
39019,90,213,303,0.297029702970297
39022,5,33,38,0.13157894736842105
39028,10,37,47,0.2127659574468085
39040,8,24,32,0.25
39041,34,143,177,0.192090395480226
39042,6,16,22,0.2727272727272727
39043,36,124,160,0.225
39044,84,121,205,0.4097560975609756
39045,146,130,276,0.5289855072463768
39046,203,149,352,0.5767045454545454
39047,138,177,315,0.4380952380952381
39048,27,107,134,0.20149253731343283
39049,62,158,220,0.2818181818181818
39050,26,37,63,0.4126984126984127
39051,61,119,180,0.3388888888888889
39052,21,102,123,0.17073170731707318
39053,12,85,97,0.12371134020618557
39054,36,94,130,0.27692307692307694
39056,116,233,349,0.332378223495702
40054,0,0,0,0
80059,8,35,43,0.18604651162790697
80060,34,141,175,0.19428571428571428
80061,2,34,36,0.05555555555555555
80062,27,121,148,0.18243243243243243
80063,66,183,249,0.26506024096385544
80064,15,144,159,0.09433962264150944
80072,0,24,24,0.0
80073,7,72,79,0.08860759493670886
81011,12,42,54,0.2222222222222222
81017,33,155,188,0.17553191489361702
81018,29,116,145,0.2
81019,51,118,169,0.30177514792899407
81020,50,161,211,0.23696682464454977
81021,38,170,208,0.18269230769230768
81022,40,108,148,0.2702702702702703
81023,41,221,262,0.15648854961832062
81024,26,114,140,0.18571428571428572
81025,27,54,81,0.3333333333333333
81026,33,68,101,0.32673267326732675
81027,54,100,154,0.35064935064935066
81028,33,68,101,0.32673267326732675
81030,34,66,100,0.34
81031,32,51,83,0.3855421686746988
81032,31,50,81,0.38271604938271603
81043,77,107,184,0.41847826086956524
81044,29,73,102,0.28431372549019607
81047,19,37,56,0.3392857142857143
81048,106,116,222,0.4774774774774775
81049,91,72,163,0.558282208588957
81050,95,115,210,0.4523809523809524
81051,89,83,172,0.5174418604651163
81052,54,46,100,0.54
81054,102,134,236,0.4322033898305085
81055,108,141,249,0.43373493975903615
81056,75,132,207,0.36231884057971014
81057,70,84,154,0.45454545454545453
81058,64,76,140,0.45714285714285713
81059,78,84,162,0.48148148148148145
81060,77,109,186,0.41397849462365593
81061,62,54,116,0.5344827586206896
81062,99,129,228,0.4342105263157895
81063,86,110,196,0.4387755102040816
81064,171,226,397,0.43073047858942065
81065,120,134,254,0.47244094488188976
81066,125,110,235,0.5319148936170213
81067,94,72,166,0.5662650602409639
81068,131,109,240,0.5458333333333333
81069,178,157,335,0.5313432835820896
81070,59,41,100,0.59
81071,99,109,208,0.47596153846153844
81072,173,193,366,0.4726775956284153
81073,172,201,373,0.46112600536193027
81074,113,131,244,0.46311475409836067
81075,105,164,269,0.3903345724907063
81076,153,131,284,0.5387323943661971
81077,117,113,230,0.508695652173913
81078,145,196,341,0.4252199413489736
81079,166,138,304,0.5460526315789473
81080,169,151,320,0.528125
81081,99,167,266,0.37218045112781956
81082,129,81,210,0.6142857142857143
81083,92,86,178,0.5168539325842697
81084,189,169,358,0.5279329608938548
81085,43,74,117,0.36752136752136755
81086,117,138,255,0.4588235294117647
81087,93,98,191,0.4869109947643979
81088,75,111,186,0.4032258064516129
81089,67,169,236,0.2838983050847458
81090,124,121,245,0.5061224489795918
81091,146,1,147,0.9931972789115646
81103,0,0,0,0
81105,0,0,0,0
81106,0,0,0,0
81107,13,44,57,0.22807017543859648
82054,7,0,7,1.0
82065,52,123,175,0.29714285714285715
82066,72,115,187,0.3850267379679144
82067,66,181,247,0.26720647773279355
82068,52,133,185,0.2810810810810811
82069,36,153,189,0.19047619047619047
82070,39,160,199,0.19597989949748743
82071,57,138,195,0.2923076923076923
82072,56,162,218,0.25688073394495414
82073,44,146,190,0.23157894736842105
82074,37,121,158,0.23417721518987342
82075,44,126,170,0.25882352941176473
82076,44,127,171,0.2573099415204678
82077,60,181,241,0.24896265560165975
82078,79,232,311,0.2540192926045016
82079,63,41,104,0.6057692307692307
82080,67,144,211,0.3175355450236967
82081,60,137,197,0.30456852791878175
82082,63,130,193,0.32642487046632124
82084,62,206,268,0.23134328358208955
82085,56,174,230,0.24347826086956523
82086,50,100,150,0.3333333333333333
82087,59,151,210,0.28095238095238095
82088,53,127,180,0.29444444444444445
82089,42,187,229,0.18340611353711792
82090,54,150,204,0.2647058823529412
82091,28,89,117,0.23931623931623933
82092,80,173,253,0.31620553359683795
82093,66,121,187,0.35294117647058826
82094,40,168,208,0.19230769230769232
82095,55,191,246,0.22357723577235772
82096,48,127,175,0.2742857142857143
82097,63,172,235,0.2680851063829787
82098,55,207,262,0.2099236641221374
82099,52,198,250,0.208
82100,39,171,210,0.18571428571428572
82101,38,173,211,0.18009478672985782
82102,37,166,203,0.18226600985221675
82103,38,118,156,0.24358974358974358
82104,52,184,236,0.22033898305084745
82105,69,148,217,0.31797235023041476
82106,0,1,1,0.0
82109,39,49,88,0.4431818181818182
82110,0,0,0,0
83001,24,154,178,0.1348314606741573
83002,19,86,105,0.18095238095238095
83003,38,143,181,0.20994475138121546
83004,33,98,131,0.25190839694656486
83006,44,185,229,0.19213973799126638
83007,45,164,209,0.215311004784689
83008,49,171,220,0.22272727272727272
83009,41,143,184,0.22282608695652173
83010,46,216,262,0.17557251908396945
83011,60,188,248,0.24193548387096775
83013,43,207,250,0.172
83014,43,260,303,0.1419141914191419
83015,28,166,194,0.14432989690721648
83016,42,184,226,0.18584070796460178
83017,33,222,255,0.12941176470588237
83018,40,200,240,0.16666666666666666
83019,29,129,158,0.18354430379746836
83020,17,120,137,0.12408759124087591
83021,30,133,163,0.18404907975460122
83022,19,119,138,0.13768115942028986
83023,17,89,106,0.16037735849056603
83024,16,95,111,0.14414414414414414
83025,36,152,188,0.19148936170212766
83026,16,89,105,0.1523809523809524
83027,35,178,213,0.1643192488262911
83028,12,102,114,0.10526315789473684
83029,30,113,143,0.2097902097902098
83030,45,110,155,0.2903225806451613
83031,66,190,256,0.2578125
83032,47,131,178,0.2640449438202247
83033,45,209,254,0.17716535433070865
83034,41,169,210,0.19523809523809524
83035,28,131,159,0.1761006289308176
83036,27,76,103,0.2621359223300971
83037,21,97,118,0.17796610169491525
83038,30,129,159,0.18867924528301888
83039,28,126,154,0.18181818181818182
83040,47,117,164,0.2865853658536585
83041,36,150,186,0.1935483870967742
83042,18,156,174,0.10344827586206896
83043,31,129,160,0.19375
83044,41,134,175,0.2342857142857143
83045,51,177,228,0.2236842105263158
83046,31,191,222,0.13963963963963963
83047,39,83,122,0.319672131147541
83048,44,97,141,0.3120567375886525
83049,45,113,158,0.2848101265822785
83050,42,130,172,0.2441860465116279
83051,56,135,191,0.2931937172774869
83052,61,126,187,0.32620320855614976
83053,59,144,203,0.29064039408866993
83054,46,83,129,0.35658914728682173
83055,25,126,151,0.16556291390728478
83056,47,160,207,0.22705314009661837
83057,65,194,259,0.25096525096525096
83058,12,58,70,0.17142857142857143
83059,23,152,175,0.13142857142857142
83060,9,27,36,0.25
83061,24,100,124,0.1935483870967742
83062,14,34,48,0.2916666666666667
83063,19,87,106,0.1792452830188679
83064,53,137,190,0.2789473684210526
83065,32,128,160,0.2
83066,63,199,262,0.24045801526717558
83067,15,141,156,0.09615384615384616
83068,0,6,6,0.0
83069,49,209,258,0.18992248062015504
83070,51,213,264,0.19318181818181818
83071,38,244,282,0.1347517730496454
83072,36,106,142,0.2535211267605634
83073,55,159,214,0.2570093457943925
83074,42,176,218,0.1926605504587156
83075,79,219,298,0.2651006711409396
83076,60,182,242,0.24793388429752067
83077,60,143,203,0.2955665024630542
83078,44,129,173,0.2543352601156069
83079,58,216,274,0.2116788321167883
83080,47,151,198,0.23737373737373738
83081,74,167,241,0.3070539419087137
83082,70,241,311,0.22508038585209003
83083,36,146,182,0.1978021978021978
83084,0,0,0,0
83085,28,63,91,0.3076923076923077
83086,34,65,99,0.3434343434343434
83088,9,114,123,0.07317073170731707
83089,19,118,137,0.1386861313868613
